부실확률_w,Porter5F_w,생애주기점수_w,산업충격민감도_w,기업충격민감도_w,부실확률변화_w,spearman_rho,p_value
0.75,0.05,0.05,0.05,0.05,0.05,0.48694596787375594,2.293447604786419e-06
0.65,0.05,0.05,0.1,0.05,0.1,0.48694596787375594,2.293447604786419e-06
0.6,0.05,0.05,0.15,0.05,0.1,0.48694596787375594,2.293447604786419e-06
0.6,0.05,0.05,0.1,0.1,0.1,0.48694596787375594,2.293447604786419e-06
0.7,0.05,0.05,0.05,0.1,0.05,0.48694596787375594,2.293447604786419e-06
0.7,0.05,0.05,0.1,0.05,0.05,0.48694596787375594,2.293447604786419e-06
0.65,0.05,0.05,0.1,0.1,0.05,0.48679909833134194,2.311996296783102e-06
0.6,0.05,0.1,0.15,0.05,0.05,0.48679909833134194,2.311996296783102e-06
0.5,0.05,0.1,0.2,0.05,0.1,0.48679909833134194,2.311996296783102e-06
0.5,0.05,0.15,0.2,0.05,0.05,0.48679909833134194,2.311996296783102e-06
0.5,0.05,0.1,0.15,0.05,0.15,0.48679909833134194,2.311996296783102e-06
0.55,0.05,0.15,0.15,0.05,0.05,0.48679909833134194,2.311996296783102e-06
0.45,0.05,0.2,0.2,0.05,0.05,0.48679909833134194,2.311996296783102e-06
0.5,0.05,0.1,0.15,0.1,0.1,0.48679909833134194,2.311996296783102e-06
0.6,0.05,0.1,0.1,0.1,0.05,0.48679909833134194,2.311996296783102e-06
0.6,0.05,0.05,0.2,0.05,0.05,0.48679909833134194,2.311996296783102e-06
0.55,0.05,0.05,0.25,0.05,0.05,0.48679909833134194,2.311996296783102e-06
0.55,0.05,0.1,0.15,0.05,0.1,0.48679909833134194,2.311996296783102e-06
0.55,0.05,0.1,0.2,0.05,0.05,0.48679909833134194,2.311996296783102e-06
0.65,0.05,0.05,0.15,0.05,0.05,0.48679909833134194,2.311996296783102e-06
0.55,0.05,0.05,0.15,0.1,0.1,0.48679909833134194,2.311996296783102e-06
0.55,0.05,0.05,0.2,0.05,0.1,0.48679909833134194,2.311996296783102e-06
0.65,0.05,0.1,0.1,0.05,0.05,0.48679909833134194,2.311996296783102e-06
0.55,0.05,0.05,0.1,0.15,0.1,0.48665222878892794,2.330686304059637e-06
0.6,0.05,0.05,0.15,0.1,0.05,0.48665222878892794,2.330686304059637e-06
0.65,0.05,0.05,0.05,0.15,0.05,0.48665222878892794,2.330686304059637e-06
0.5,0.05,0.1,0.25,0.05,0.05,0.48665222878892794,2.330686304059637e-06
0.55,0.05,0.05,0.2,0.1,0.05,0.48665222878892794,2.330686304059637e-06
0.55,0.05,0.05,0.1,0.2,0.05,0.48665222878892794,2.330686304059637e-06
0.55,0.05,0.1,0.15,0.1,0.05,0.48665222878892794,2.330686304059637e-06
0.6,0.05,0.05,0.1,0.15,0.05,0.48665222878892794,2.330686304059637e-06
0.5,0.05,0.1,0.2,0.1,0.05,0.48665222878892794,2.330686304059637e-06
0.55,0.05,0.05,0.15,0.15,0.05,0.48665222878892794,2.330686304059637e-06
0.55,0.05,0.1,0.1,0.15,0.05,0.47557406901826876,4.232736638355239e-06
0.6,0.05,0.05,0.05,0.2,0.05,0.47557406901826876,4.232736638355239e-06
0.5,0.05,0.15,0.15,0.1,0.05,0.47557406901826876,4.232736638355239e-06
0.45,0.05,0.15,0.2,0.1,0.05,0.46818862917116266,6.229116958423912e-06
0.5,0.05,0.05,0.15,0.15,0.1,0.46818862917116266,6.229116958423912e-06
0.5,0.05,0.05,0.2,0.1,0.1,0.46818862917116266,6.229116958423912e-06
0.5,0.05,0.1,0.15,0.15,0.05,0.46818862917116266,6.229116958423912e-06
0.5,0.05,0.05,0.3,0.05,0.05,0.46818862917116266,6.229116958423912e-06
0.45,0.05,0.15,0.25,0.05,0.05,0.46818862917116266,6.229116958423912e-06
0.5,0.05,0.05,0.15,0.2,0.05,0.46818862917116266,6.229116958423912e-06
0.5,0.05,0.05,0.1,0.25,0.05,0.46818862917116266,6.229116958423912e-06
0.5,0.05,0.05,0.2,0.15,0.05,0.46818862917116266,6.229116958423912e-06
0.5,0.05,0.05,0.25,0.1,0.05,0.46818862917116266,6.229116958423912e-06
0.5,0.05,0.05,0.1,0.2,0.1,0.46818862917116266,6.229116958423912e-06
0.7,0.05,0.05,0.05,0.05,0.1,0.46567086558692194,7.091664784020512e-06
0.6,0.05,0.1,0.1,0.05,0.1,0.46552399604450795,7.1452906747854975e-06
0.5,0.05,0.15,0.15,0.05,0.1,0.46552399604450795,7.1452906747854975e-06
0.55,0.05,0.1,0.1,0.05,0.15,0.46552399604450795,7.1452906747854975e-06
0.6,0.1,0.05,0.15,0.05,0.05,0.46552399604450795,7.1452906747854975e-06
0.55,0.1,0.15,0.1,0.05,0.05,0.45444583627384877,1.2488242000732477e-05
0.55,0.1,0.1,0.15,0.05,0.05,0.45444583627384877,1.2488242000732477e-05
0.5,0.05,0.15,0.05,0.1,0.15,0.45444583627384877,1.2488242000732477e-05
0.5,0.05,0.15,0.1,0.05,0.15,0.45444583627384877,1.2488242000732477e-05
0.5,0.05,0.15,0.1,0.1,0.1,0.45444583627384877,1.2488242000732477e-05
0.5,0.05,0.1,0.05,0.15,0.15,0.45444583627384877,1.2488242000732477e-05
0.55,0.05,0.2,0.05,0.1,0.05,0.45444583627384877,1.2488242000732477e-05
0.5,0.05,0.2,0.15,0.05,0.05,0.45444583627384877,1.2488242000732477e-05
0.45,0.05,0.2,0.15,0.05,0.1,0.45444583627384877,1.2488242000732477e-05
0.4,0.05,0.3,0.15,0.05,0.05,0.45444583627384877,1.2488242000732477e-05
0.55,0.1,0.1,0.05,0.15,0.05,0.45444583627384877,1.2488242000732477e-05
0.55,0.1,0.1,0.1,0.1,0.05,0.45444583627384877,1.2488242000732477e-05
0.65,0.1,0.1,0.05,0.05,0.05,0.45444583627384877,1.2488242000732477e-05
0.65,0.05,0.15,0.05,0.05,0.05,0.45444583627384877,1.2488242000732477e-05
0.65,0.05,0.1,0.05,0.05,0.1,0.45444583627384877,1.2488242000732477e-05
0.65,0.05,0.1,0.05,0.1,0.05,0.45444583627384877,1.2488242000732477e-05
0.55,0.05,0.1,0.1,0.1,0.1,0.45444583627384877,1.2488242000732477e-05
0.55,0.05,0.1,0.05,0.1,0.15,0.45444583627384877,1.2488242000732477e-05
0.6,0.05,0.1,0.05,0.05,0.15,0.45444583627384877,1.2488242000732477e-05
0.55,0.05,0.15,0.1,0.05,0.1,0.45444583627384877,1.2488242000732477e-05
0.6,0.1,0.15,0.05,0.05,0.05,0.45444583627384877,1.2488242000732477e-05
0.6,0.1,0.1,0.1,0.05,0.05,0.45444583627384877,1.2488242000732477e-05
0.6,0.1,0.1,0.05,0.1,0.05,0.45444583627384877,1.2488242000732477e-05
0.55,0.05,0.15,0.05,0.1,0.1,0.45444583627384877,1.2488242000732477e-05
0.55,0.05,0.15,0.1,0.1,0.05,0.45444583627384877,1.2488242000732477e-05
0.6,0.1,0.05,0.1,0.1,0.05,0.45444583627384877,1.2488242000732477e-05
0.45,0.05,0.25,0.1,0.05,0.1,0.45444583627384877,1.2488242000732477e-05
0.45,0.05,0.25,0.15,0.05,0.05,0.45444583627384877,1.2488242000732477e-05
0.5,0.05,0.2,0.1,0.05,0.1,0.45444583627384877,1.2488242000732477e-05
0.5,0.05,0.2,0.1,0.1,0.05,0.45444583627384877,1.2488242000732477e-05
0.45,0.05,0.2,0.1,0.1,0.1,0.45444583627384877,1.2488242000732477e-05
0.5,0.05,0.25,0.1,0.05,0.05,0.45444583627384877,1.2488242000732477e-05
0.6,0.05,0.15,0.05,0.1,0.05,0.45444583627384877,1.2488242000732477e-05
0.6,0.05,0.15,0.1,0.05,0.05,0.45444583627384877,1.2488242000732477e-05
0.6,0.05,0.1,0.05,0.1,0.1,0.45444583627384877,1.2488242000732477e-05
0.6,0.05,0.15,0.05,0.05,0.1,0.45444583627384877,1.2488242000732477e-05
0.5,0.05,0.1,0.1,0.1,0.15,0.45444583627384877,1.2488242000732477e-05
0.55,0.05,0.2,0.1,0.05,0.05,0.45444583627384877,1.2488242000732477e-05
0.6,0.05,0.2,0.05,0.05,0.05,0.45444583627384877,1.2488242000732477e-05
0.7,0.05,0.1,0.05,0.05,0.05,0.45444583627384877,1.2488242000732477e-05
0.55,0.05,0.1,0.05,0.15,0.1,0.4542989667314346,1.2579394311397684e-05
0.55,0.05,0.1,0.05,0.2,0.05,0.4542989667314346,1.2579394311397684e-05
0.55,0.05,0.15,0.05,0.15,0.05,0.4542989667314346,1.2579394311397684e-05
0.55,0.05,0.05,0.05,0.2,0.1,0.4542989667314346,1.2579394311397684e-05
0.45,0.05,0.2,0.15,0.1,0.05,0.4542989667314346,1.2579394311397684e-05
0.5,0.05,0.1,0.1,0.15,0.1,0.4542989667314346,1.2579394311397684e-05
0.5,0.05,0.2,0.05,0.15,0.05,0.4542989667314346,1.2579394311397684e-05
0.45,0.05,0.25,0.1,0.1,0.05,0.4542989667314346,1.2579394311397684e-05
0.6,0.05,0.1,0.05,0.15,0.05,0.4542989667314346,1.2579394311397684e-05
0.5,0.05,0.15,0.05,0.2,0.05,0.4542989667314346,1.2579394311397684e-05
0.5,0.05,0.15,0.05,0.15,0.1,0.4542989667314346,1.2579394311397684e-05
0.5,0.05,0.15,0.1,0.15,0.05,0.4542989667314346,1.2579394311397684e-05
0.55,0.05,0.05,0.15,0.05,0.15,0.4514874640623659,1.4449115142775502e-05
0.55,0.05,0.05,0.1,0.1,0.15,0.4514874640623659,1.4449115142775502e-05
0.55,0.1,0.05,0.2,0.05,0.05,0.4513405945199519,1.4553602099172823e-05
0.45,0.05,0.15,0.2,0.05,0.1,0.4513405945199519,1.4553602099172823e-05
0.5,0.05,0.05,0.25,0.05,0.1,0.4513405945199519,1.4553602099172823e-05
0.55,0.1,0.15,0.05,0.05,0.1,0.4473541355115707,1.767497503622999e-05
0.5,0.05,0.15,0.05,0.05,0.2,0.4473541355115707,1.767497503622999e-05
0.55,0.05,0.2,0.05,0.05,0.1,0.4473541355115707,1.767497503622999e-05
0.55,0.05,0.15,0.05,0.05,0.15,0.4473541355115707,1.767497503622999e-05
0.5,0.05,0.2,0.05,0.1,0.1,0.4473541355115707,1.767497503622999e-05
0.65,0.05,0.05,0.05,0.1,0.1,0.44439576330008784,2.0384739744580926e-05
0.55,0.05,0.25,0.05,0.05,0.05,0.4436614155880176,2.1115096521105402e-05
0.5,0.05,0.2,0.05,0.05,0.15,0.4436614155880176,2.1115096521105402e-05
0.45,0.05,0.25,0.05,0.05,0.15,0.4436614155880176,2.1115096521105402e-05
0.5,0.05,0.25,0.05,0.05,0.1,0.4436614155880176,2.1115096521105402e-05
0.45,0.05,0.2,0.05,0.15,0.1,0.4435145460456036,2.126407165230855e-05
0.45,0.05,0.2,0.1,0.15,0.05,0.4358353671136694,3.057378280121793e-05
0.5,0.05,0.1,0.1,0.2,0.05,0.4358353671136694,3.057378280121793e-05
0.5,0.05,0.05,0.05,0.3,0.05,0.4358353671136694,3.057378280121793e-05
0.5,0.05,0.1,0.05,0.2,0.1,0.4358353671136694,3.057378280121793e-05
0.5,0.05,0.1,0.05,0.25,0.05,0.4358353671136694,3.057378280121793e-05
0.5,0.05,0.05,0.05,0.25,0.1,0.4358353671136694,3.057378280121793e-05
0.45,0.05,0.15,0.15,0.15,0.05,0.4358353671136694,3.057378280121793e-05
0.45,0.05,0.15,0.05,0.25,0.05,0.4358353671136694,3.057378280121793e-05
0.45,0.05,0.15,0.1,0.2,0.05,0.4358353671136694,3.057378280121793e-05
0.4,0.05,0.25,0.15,0.1,0.05,0.4358353671136694,3.057378280121793e-05
0.55,0.05,0.05,0.05,0.25,0.05,0.4358353671136694,3.057378280121793e-05
0.65,0.1,0.05,0.05,0.05,0.1,0.43331760352942866,3.4374249391370104e-05
0.6,0.1,0.05,0.1,0.05,0.1,0.43331760352942866,3.4374249391370104e-05
0.7,0.1,0.05,0.05,0.05,0.05,0.43331760352942866,3.4374249391370104e-05
0.5,0.1,0.2,0.1,0.05,0.05,0.43317073398701467,3.4609001096120394e-05
0.55,0.1,0.15,0.05,0.1,0.05,0.43317073398701467,3.4609001096120394e-05
0.6,0.1,0.05,0.05,0.1,0.1,0.43317073398701467,3.4609001096120394e-05
0.6,0.1,0.05,0.05,0.15,0.05,0.43317073398701467,3.4609001096120394e-05
0.6,0.05,0.05,0.05,0.15,0.1,0.43317073398701467,3.4609001096120394e-05
0.55,0.1,0.1,0.05,0.1,0.1,0.43317073398701467,3.4609001096120394e-05
0.55,0.05,0.1,0.05,0.05,0.2,0.43317073398701467,3.4609001096120394e-05
0.65,0.15,0.05,0.05,0.05,0.05,0.43317073398701467,3.4609001096120394e-05
0.6,0.1,0.1,0.05,0.05,0.1,0.43317073398701467,3.4609001096120394e-05
0.65,0.1,0.05,0.1,0.05,0.05,0.43317073398701467,3.4609001096120394e-05
0.65,0.1,0.05,0.05,0.1,0.05,0.43317073398701467,3.4609001096120394e-05
0.4,0.05,0.15,0.25,0.05,0.1,0.4328769949021865,3.5082994871572664e-05
0.3,0.1,0.15,0.3,0.05,0.1,0.4328769949021865,3.5082994871572664e-05
0.4,0.05,0.1,0.2,0.05,0.2,0.4328769949021865,3.5082994871572664e-05
0.35,0.1,0.05,0.35,0.05,0.1,0.4328769949021865,3.5082994871572664e-05
0.2,0.1,0.15,0.35,0.05,0.15,0.4328769949021865,3.5082994871572664e-05
0.3,0.15,0.05,0.4,0.05,0.05,0.4328769949021865,3.5082994871572664e-05
0.3,0.15,0.05,0.35,0.05,0.1,0.4328769949021865,3.5082994871572664e-05
0.3,0.05,0.1,0.2,0.1,0.25,0.4328769949021865,3.5082994871572664e-05
0.2,0.1,0.1,0.3,0.1,0.2,0.4328769949021865,3.5082994871572664e-05
0.2,0.1,0.1,0.35,0.05,0.2,0.4328769949021865,3.5082994871572664e-05
0.25,0.1,0.1,0.3,0.05,0.2,0.4328769949021865,3.5082994871572664e-05
0.25,0.1,0.1,0.35,0.05,0.15,0.4328769949021865,3.5082994871572664e-05
0.45,0.1,0.1,0.25,0.05,0.05,0.4328769949021865,3.5082994871572664e-05
0.4,0.05,0.1,0.15,0.1,0.2,0.4328769949021865,3.5082994871572664e-05
0.45,0.1,0.05,0.3,0.05,0.05,0.4328769949021865,3.5082994871572664e-05
0.45,0.05,0.1,0.15,0.1,0.15,0.4328769949021865,3.5082994871572664e-05
0.45,0.05,0.1,0.15,0.05,0.2,0.4328769949021865,3.5082994871572664e-05
0.3,0.1,0.1,0.35,0.05,0.1,0.4328769949021865,3.5082994871572664e-05
0.45,0.05,0.1,0.25,0.05,0.1,0.4328769949021865,3.5082994871572664e-05
0.25,0.05,0.2,0.25,0.05,0.2,0.4328769949021865,3.5082994871572664e-05
0.35,0.05,0.1,0.2,0.1,0.2,0.4328769949021865,3.5082994871572664e-05
0.35,0.05,0.1,0.2,0.05,0.25,0.4328769949021865,3.5082994871572664e-05
0.3,0.1,0.1,0.3,0.05,0.15,0.4328769949021865,3.5082994871572664e-05
0.3,0.05,0.1,0.3,0.05,0.2,0.4328769949021865,3.5082994871572664e-05
0.5,0.1,0.05,0.2,0.1,0.05,0.4328769949021865,3.5082994871572664e-05
0.5,0.1,0.05,0.25,0.05,0.05,0.4328769949021865,3.5082994871572664e-05
0.45,0.1,0.05,0.25,0.05,0.1,0.4328769949021865,3.5082994871572664e-05
0.45,0.1,0.05,0.2,0.1,0.1,0.4328769949021865,3.5082994871572664e-05
0.4,0.05,0.15,0.2,0.05,0.15,0.4328769949021865,3.5082994871572664e-05
0.3,0.05,0.1,0.25,0.05,0.25,0.4328769949021865,3.5082994871572664e-05
0.5,0.1,0.05,0.2,0.05,0.1,0.4328769949021865,3.5082994871572664e-05
0.4,0.05,0.1,0.25,0.05,0.15,0.4328769949021865,3.5082994871572664e-05
0.3,0.05,0.15,0.25,0.05,0.2,0.4328769949021865,3.5082994871572664e-05
0.35,0.05,0.15,0.25,0.05,0.15,0.4328769949021865,3.5082994871572664e-05
0.4,0.1,0.1,0.3,0.05,0.05,0.4328769949021865,3.5082994871572664e-05
0.3,0.05,0.2,0.25,0.05,0.15,0.4328769949021865,3.5082994871572664e-05
0.3,0.05,0.15,0.2,0.1,0.2,0.4328769949021865,3.5082994871572664e-05
0.45,0.05,0.1,0.2,0.05,0.15,0.4328769949021865,3.5082994871572664e-05
0.35,0.05,0.15,0.2,0.05,0.2,0.4328769949021865,3.5082994871572664e-05
0.25,0.05,0.15,0.3,0.05,0.2,0.4328769949021865,3.5082994871572664e-05
0.4,0.1,0.1,0.25,0.05,0.1,0.4328769949021865,3.5082994871572664e-05
0.4,0.1,0.05,0.3,0.05,0.1,0.4328769949021865,3.5082994871572664e-05
0.4,0.1,0.05,0.25,0.1,0.1,0.4328769949021865,3.5082994871572664e-05
0.35,0.1,0.15,0.3,0.05,0.05,0.4328769949021865,3.5082994871572664e-05
0.2,0.05,0.2,0.3,0.05,0.2,0.4328769949021865,3.5082994871572664e-05
0.35,0.1,0.1,0.3,0.05,0.1,0.4328769949021865,3.5082994871572664e-05
0.35,0.05,0.1,0.25,0.05,0.2,0.4328769949021865,3.5082994871572664e-05
0.35,0.15,0.05,0.35,0.05,0.05,0.4328769949021865,3.5082994871572664e-05
0.3,0.05,0.05,0.35,0.15,0.1,0.4327301253597725,3.532225450681388e-05
0.25,0.05,0.1,0.25,0.2,0.15,0.4327301253597725,3.532225450681388e-05
0.3,0.05,0.15,0.25,0.2,0.05,0.4327301253597725,3.532225450681388e-05
0.3,0.05,0.1,0.4,0.1,0.05,0.4327301253597725,3.532225450681388e-05
0.25,0.05,0.05,0.45,0.1,0.1,0.4327301253597725,3.532225450681388e-05
0.25,0.05,0.05,0.5,0.05,0.1,0.4327301253597725,3.532225450681388e-05
0.2,0.05,0.2,0.3,0.1,0.15,0.4327301253597725,3.532225450681388e-05
0.35,0.1,0.1,0.3,0.1,0.05,0.4327301253597725,3.532225450681388e-05
0.35,0.1,0.1,0.35,0.05,0.05,0.4327301253597725,3.532225450681388e-05
0.35,0.1,0.05,0.35,0.1,0.05,0.4327301253597725,3.532225450681388e-05
0.35,0.1,0.05,0.4,0.05,0.05,0.4327301253597725,3.532225450681388e-05
0.35,0.05,0.1,0.3,0.1,0.1,0.4327301253597725,3.532225450681388e-05
0.4,0.05,0.1,0.2,0.1,0.15,0.4327301253597725,3.532225450681388e-05
0.2,0.1,0.1,0.4,0.05,0.15,0.4327301253597725,3.532225450681388e-05
0.25,0.1,0.1,0.35,0.1,0.1,0.4327301253597725,3.532225450681388e-05
0.25,0.1,0.1,0.4,0.05,0.1,0.4327301253597725,3.532225450681388e-05
0.25,0.1,0.15,0.35,0.05,0.1,0.4327301253597725,3.532225450681388e-05
0.4,0.05,0.05,0.2,0.2,0.1,0.4327301253597725,3.532225450681388e-05
0.4,0.05,0.05,0.2,0.25,0.05,0.4327301253597725,3.532225450681388e-05
0.4,0.05,0.05,0.25,0.15,0.1,0.4327301253597725,3.532225450681388e-05
0.4,0.05,0.05,0.25,0.2,0.05,0.4327301253597725,3.532225450681388e-05
0.4,0.05,0.05,0.3,0.1,0.1,0.4327301253597725,3.532225450681388e-05
0.4,0.05,0.05,0.3,0.15,0.05,0.4327301253597725,3.532225450681388e-05
0.4,0.05,0.05,0.35,0.05,0.1,0.4327301253597725,3.532225450681388e-05
0.35,0.05,0.15,0.25,0.1,0.1,0.4327301253597725,3.532225450681388e-05
0.35,0.05,0.1,0.3,0.15,0.05,0.4327301253597725,3.532225450681388e-05
0.25,0.05,0.1,0.3,0.1,0.2,0.4327301253597725,3.532225450681388e-05
0.3,0.05,0.1,0.45,0.05,0.05,0.4327301253597725,3.532225450681388e-05
0.25,0.05,0.1,0.35,0.05,0.2,0.4327301253597725,3.532225450681388e-05
0.25,0.05,0.1,0.35,0.1,0.15,0.4327301253597725,3.532225450681388e-05
0.25,0.05,0.1,0.35,0.15,0.1,0.4327301253597725,3.532225450681388e-05
0.25,0.05,0.1,0.4,0.05,0.15,0.4327301253597725,3.532225450681388e-05
0.2,0.05,0.25,0.3,0.05,0.15,0.4327301253597725,3.532225450681388e-05
0.25,0.05,0.1,0.4,0.1,0.1,0.4327301253597725,3.532225450681388e-05
0.25,0.05,0.1,0.45,0.05,0.1,0.4327301253597725,3.532225450681388e-05
0.35,0.05,0.15,0.2,0.1,0.15,0.4327301253597725,3.532225450681388e-05
0.35,0.05,0.15,0.2,0.15,0.1,0.4327301253597725,3.532225450681388e-05
0.35,0.05,0.2,0.25,0.05,0.1,0.4327301253597725,3.532225450681388e-05
0.35,0.05,0.2,0.25,0.1,0.05,0.4327301253597725,3.532225450681388e-05
0.35,0.05,0.2,0.3,0.05,0.05,0.4327301253597725,3.532225450681388e-05
0.25,0.05,0.1,0.5,0.05,0.05,0.4327301253597725,3.532225450681388e-05
0.25,0.05,0.15,0.25,0.1,0.2,0.4327301253597725,3.532225450681388e-05
0.25,0.05,0.15,0.25,0.15,0.15,0.4327301253597725,3.532225450681388e-05
0.25,0.05,0.15,0.25,0.2,0.1,0.4327301253597725,3.532225450681388e-05
0.25,0.05,0.15,0.3,0.1,0.15,0.4327301253597725,3.532225450681388e-05
0.25,0.05,0.15,0.3,0.15,0.1,0.4327301253597725,3.532225450681388e-05
0.25,0.05,0.15,0.35,0.05,0.15,0.4327301253597725,3.532225450681388e-05
0.25,0.05,0.15,0.35,0.1,0.1,0.4327301253597725,3.532225450681388e-05
0.2,0.05,0.15,0.3,0.1,0.2,0.4327301253597725,3.532225450681388e-05
0.2,0.05,0.25,0.3,0.1,0.1,0.4327301253597725,3.532225450681388e-05
0.2,0.05,0.25,0.35,0.05,0.1,0.4327301253597725,3.532225450681388e-05
0.35,0.05,0.1,0.25,0.1,0.15,0.4327301253597725,3.532225450681388e-05
0.35,0.05,0.1,0.25,0.15,0.1,0.4327301253597725,3.532225450681388e-05
0.35,0.05,0.1,0.25,0.2,0.05,0.4327301253597725,3.532225450681388e-05
0.35,0.05,0.1,0.3,0.05,0.15,0.4327301253597725,3.532225450681388e-05
0.2,0.05,0.15,0.25,0.15,0.2,0.4327301253597725,3.532225450681388e-05
0.4,0.1,0.05,0.3,0.1,0.05,0.4327301253597725,3.532225450681388e-05
0.2,0.05,0.15,0.3,0.15,0.15,0.4327301253597725,3.532225450681388e-05
0.2,0.05,0.15,0.35,0.1,0.15,0.4327301253597725,3.532225450681388e-05
0.4,0.1,0.05,0.25,0.15,0.05,0.4327301253597725,3.532225450681388e-05
0.4,0.1,0.1,0.25,0.1,0.05,0.4327301253597725,3.532225450681388e-05
0.4,0.1,0.05,0.35,0.05,0.05,0.4327301253597725,3.532225450681388e-05
0.25,0.05,0.1,0.3,0.15,0.15,0.4327301253597725,3.532225450681388e-05
0.25,0.05,0.15,0.4,0.05,0.1,0.4327301253597725,3.532225450681388e-05
0.45,0.05,0.1,0.15,0.2,0.05,0.4327301253597725,3.532225450681388e-05
0.25,0.05,0.15,0.4,0.1,0.05,0.4327301253597725,3.532225450681388e-05
0.35,0.05,0.1,0.35,0.05,0.1,0.4327301253597725,3.532225450681388e-05
0.35,0.05,0.1,0.35,0.1,0.05,0.4327301253597725,3.532225450681388e-05
0.35,0.05,0.1,0.4,0.05,0.05,0.4327301253597725,3.532225450681388e-05
0.2,0.05,0.3,0.35,0.05,0.05,0.4327301253597725,3.532225450681388e-05
0.3,0.05,0.2,0.25,0.1,0.1,0.4327301253597725,3.532225450681388e-05
0.3,0.05,0.2,0.25,0.15,0.05,0.4327301253597725,3.532225450681388e-05
0.3,0.05,0.2,0.3,0.05,0.1,0.4327301253597725,3.532225450681388e-05
0.3,0.05,0.15,0.3,0.05,0.15,0.4327301253597725,3.532225450681388e-05
0.45,0.05,0.05,0.3,0.05,0.1,0.4327301253597725,3.532225450681388e-05
0.45,0.05,0.05,0.3,0.1,0.05,0.4327301253597725,3.532225450681388e-05
0.45,0.05,0.05,0.35,0.05,0.05,0.4327301253597725,3.532225450681388e-05
0.25,0.05,0.15,0.45,0.05,0.05,0.4327301253597725,3.532225450681388e-05
0.2,0.05,0.15,0.25,0.1,0.25,0.4327301253597725,3.532225450681388e-05
0.4,0.05,0.05,0.4,0.05,0.05,0.4327301253597725,3.532225450681388e-05
0.3,0.05,0.1,0.4,0.05,0.1,0.4327301253597725,3.532225450681388e-05
0.3,0.05,0.1,0.2,0.15,0.2,0.4327301253597725,3.532225450681388e-05
0.3,0.05,0.05,0.4,0.1,0.1,0.4327301253597725,3.532225450681388e-05
0.3,0.05,0.05,0.4,0.15,0.05,0.4327301253597725,3.532225450681388e-05
0.35,0.05,0.05,0.4,0.1,0.05,0.4327301253597725,3.532225450681388e-05
0.35,0.05,0.05,0.45,0.05,0.05,0.4327301253597725,3.532225450681388e-05
0.35,0.05,0.05,0.2,0.25,0.1,0.4327301253597725,3.532225450681388e-05
0.35,0.05,0.05,0.2,0.3,0.05,0.4327301253597725,3.532225450681388e-05
0.35,0.05,0.05,0.25,0.2,0.1,0.4327301253597725,3.532225450681388e-05
0.35,0.05,0.05,0.25,0.25,0.05,0.4327301253597725,3.532225450681388e-05
0.35,0.05,0.05,0.3,0.15,0.1,0.4327301253597725,3.532225450681388e-05
0.3,0.05,0.15,0.3,0.1,0.1,0.4327301253597725,3.532225450681388e-05
0.3,0.05,0.15,0.3,0.15,0.05,0.4327301253597725,3.532225450681388e-05
0.3,0.05,0.15,0.35,0.05,0.1,0.4327301253597725,3.532225450681388e-05
0.3,0.05,0.15,0.35,0.1,0.05,0.4327301253597725,3.532225450681388e-05
0.3,0.05,0.15,0.4,0.05,0.05,0.4327301253597725,3.532225450681388e-05
0.3,0.1,0.05,0.45,0.05,0.05,0.4327301253597725,3.532225450681388e-05
0.45,0.05,0.1,0.2,0.1,0.1,0.4327301253597725,3.532225450681388e-05
0.45,0.05,0.1,0.2,0.15,0.05,0.4327301253597725,3.532225450681388e-05
0.45,0.05,0.05,0.15,0.2,0.1,0.4327301253597725,3.532225450681388e-05
0.45,0.05,0.05,0.15,0.25,0.05,0.4327301253597725,3.532225450681388e-05
0.45,0.05,0.05,0.2,0.15,0.1,0.4327301253597725,3.532225450681388e-05
0.45,0.05,0.05,0.2,0.2,0.05,0.4327301253597725,3.532225450681388e-05
0.45,0.05,0.05,0.25,0.1,0.1,0.4327301253597725,3.532225450681388e-05
0.45,0.05,0.05,0.25,0.15,0.05,0.4327301253597725,3.532225450681388e-05
0.3,0.05,0.25,0.3,0.05,0.05,0.4327301253597725,3.532225450681388e-05
0.3,0.05,0.2,0.3,0.1,0.05,0.4327301253597725,3.532225450681388e-05
0.3,0.05,0.2,0.35,0.05,0.05,0.4327301253597725,3.532225450681388e-05
0.25,0.05,0.2,0.3,0.05,0.15,0.4327301253597725,3.532225450681388e-05
0.25,0.05,0.2,0.25,0.1,0.15,0.4327301253597725,3.532225450681388e-05
0.25,0.05,0.2,0.3,0.1,0.1,0.4327301253597725,3.532225450681388e-05
0.25,0.05,0.2,0.3,0.15,0.05,0.4327301253597725,3.532225450681388e-05
0.35,0.05,0.05,0.15,0.3,0.1,0.4327301253597725,3.532225450681388e-05
0.25,0.05,0.2,0.35,0.05,0.1,0.4327301253597725,3.532225450681388e-05
0.25,0.05,0.2,0.35,0.1,0.05,0.4327301253597725,3.532225450681388e-05
0.25,0.05,0.2,0.4,0.05,0.05,0.4327301253597725,3.532225450681388e-05
0.45,0.05,0.1,0.15,0.15,0.1,0.4327301253597725,3.532225450681388e-05
0.3,0.1,0.05,0.3,0.15,0.1,0.4327301253597725,3.532225450681388e-05
0.3,0.1,0.05,0.4,0.05,0.1,0.4327301253597725,3.532225450681388e-05
0.3,0.1,0.05,0.4,0.1,0.05,0.4327301253597725,3.532225450681388e-05
0.45,0.05,0.1,0.3,0.05,0.05,0.4327301253597725,3.532225450681388e-05
0.45,0.05,0.1,0.25,0.1,0.05,0.4327301253597725,3.532225450681388e-05
0.25,0.1,0.1,0.3,0.1,0.15,0.4327301253597725,3.532225450681388e-05
0.3,0.05,0.05,0.45,0.05,0.1,0.4327301253597725,3.532225450681388e-05
0.35,0.05,0.05,0.4,0.05,0.1,0.4327301253597725,3.532225450681388e-05
0.35,0.05,0.05,0.35,0.15,0.05,0.4327301253597725,3.532225450681388e-05
0.35,0.05,0.05,0.35,0.1,0.1,0.4327301253597725,3.532225450681388e-05
0.25,0.1,0.05,0.45,0.05,0.1,0.4327301253597725,3.532225450681388e-05
0.35,0.05,0.15,0.25,0.15,0.05,0.4327301253597725,3.532225450681388e-05
0.35,0.05,0.15,0.3,0.05,0.1,0.4327301253597725,3.532225450681388e-05
0.35,0.05,0.15,0.3,0.1,0.05,0.4327301253597725,3.532225450681388e-05
0.35,0.05,0.15,0.35,0.05,0.05,0.4327301253597725,3.532225450681388e-05
0.2,0.05,0.2,0.35,0.05,0.15,0.4327301253597725,3.532225450681388e-05
0.2,0.05,0.1,0.2,0.2,0.25,0.4327301253597725,3.532225450681388e-05
0.2,0.05,0.1,0.25,0.15,0.25,0.4327301253597725,3.532225450681388e-05
0.2,0.05,0.1,0.25,0.2,0.2,0.4327301253597725,3.532225450681388e-05
0.2,0.05,0.1,0.3,0.15,0.2,0.4327301253597725,3.532225450681388e-05
0.4,0.05,0.05,0.35,0.1,0.05,0.4327301253597725,3.532225450681388e-05
0.3,0.1,0.05,0.35,0.1,0.1,0.4327301253597725,3.532225450681388e-05
0.3,0.1,0.05,0.25,0.2,0.1,0.4327301253597725,3.532225450681388e-05
0.3,0.1,0.15,0.3,0.1,0.05,0.4327301253597725,3.532225450681388e-05
0.3,0.05,0.1,0.35,0.05,0.15,0.4327301253597725,3.532225450681388e-05
0.2,0.05,0.1,0.35,0.15,0.15,0.4327301253597725,3.532225450681388e-05
0.3,0.1,0.15,0.35,0.05,0.05,0.4327301253597725,3.532225450681388e-05
0.35,0.05,0.05,0.3,0.2,0.05,0.4327301253597725,3.532225450681388e-05
0.3,0.05,0.1,0.35,0.1,0.1,0.4327301253597725,3.532225450681388e-05
0.4,0.05,0.15,0.2,0.15,0.05,0.4327301253597725,3.532225450681388e-05
0.4,0.05,0.15,0.2,0.1,0.1,0.4327301253597725,3.532225450681388e-05
0.4,0.05,0.15,0.25,0.1,0.05,0.4327301253597725,3.532225450681388e-05
0.4,0.05,0.15,0.3,0.05,0.05,0.4327301253597725,3.532225450681388e-05
0.4,0.05,0.1,0.2,0.2,0.05,0.4327301253597725,3.532225450681388e-05
0.4,0.05,0.1,0.2,0.15,0.1,0.4327301253597725,3.532225450681388e-05
0.3,0.05,0.1,0.35,0.15,0.05,0.4327301253597725,3.532225450681388e-05
0.4,0.05,0.1,0.25,0.15,0.05,0.4327301253597725,3.532225450681388e-05
0.4,0.05,0.1,0.25,0.1,0.1,0.4327301253597725,3.532225450681388e-05
0.3,0.05,0.1,0.25,0.1,0.2,0.4327301253597725,3.532225450681388e-05
0.3,0.1,0.1,0.4,0.05,0.05,0.4327301253597725,3.532225450681388e-05
0.35,0.05,0.1,0.2,0.15,0.15,0.4327301253597725,3.532225450681388e-05
0.35,0.05,0.1,0.2,0.25,0.05,0.4327301253597725,3.532225450681388e-05
0.35,0.05,0.1,0.2,0.2,0.1,0.4327301253597725,3.532225450681388e-05
0.25,0.05,0.25,0.35,0.05,0.05,0.4327301253597725,3.532225450681388e-05
0.45,0.1,0.05,0.2,0.15,0.05,0.4327301253597725,3.532225450681388e-05
0.25,0.05,0.25,0.3,0.05,0.1,0.4327301253597725,3.532225450681388e-05
0.25,0.05,0.25,0.3,0.1,0.05,0.4327301253597725,3.532225450681388e-05
0.45,0.1,0.05,0.25,0.1,0.05,0.4327301253597725,3.532225450681388e-05
0.3,0.1,0.1,0.35,0.1,0.05,0.4327301253597725,3.532225450681388e-05
0.3,0.1,0.1,0.3,0.15,0.05,0.4327301253597725,3.532225450681388e-05
0.3,0.1,0.1,0.3,0.1,0.1,0.4327301253597725,3.532225450681388e-05
0.4,0.05,0.1,0.3,0.1,0.05,0.4327301253597725,3.532225450681388e-05
0.4,0.05,0.1,0.35,0.05,0.05,0.4327301253597725,3.532225450681388e-05
0.4,0.05,0.1,0.3,0.05,0.1,0.4327301253597725,3.532225450681388e-05
0.3,0.05,0.1,0.3,0.2,0.05,0.4327301253597725,3.532225450681388e-05
0.3,0.05,0.1,0.3,0.1,0.15,0.4327301253597725,3.532225450681388e-05
0.3,0.05,0.1,0.3,0.15,0.1,0.4327301253597725,3.532225450681388e-05
0.3,0.05,0.1,0.25,0.15,0.15,0.4327301253597725,3.532225450681388e-05
0.3,0.05,0.1,0.25,0.2,0.1,0.4327301253597725,3.532225450681388e-05
0.25,0.05,0.1,0.25,0.15,0.2,0.4327301253597725,3.532225450681388e-05
0.35,0.1,0.05,0.3,0.1,0.1,0.4327301253597725,3.532225450681388e-05
0.35,0.1,0.05,0.25,0.2,0.05,0.4327301253597725,3.532225450681388e-05
0.35,0.1,0.05,0.25,0.15,0.1,0.4327301253597725,3.532225450681388e-05
0.4,0.05,0.05,0.15,0.3,0.05,0.4327301253597725,3.532225450681388e-05
0.4,0.05,0.05,0.15,0.25,0.1,0.4327301253597725,3.532225450681388e-05
0.3,0.05,0.05,0.3,0.2,0.1,0.4327301253597725,3.532225450681388e-05
0.3,0.05,0.05,0.25,0.25,0.1,0.4327301253597725,3.532225450681388e-05
0.3,0.05,0.05,0.5,0.05,0.05,0.4327301253597725,3.532225450681388e-05
0.3,0.05,0.05,0.45,0.1,0.05,0.4327301253597725,3.532225450681388e-05
0.35,0.1,0.1,0.25,0.1,0.1,0.4327301253597725,3.532225450681388e-05
0.25,0.1,0.2,0.35,0.05,0.05,0.4327301253597725,3.532225450681388e-05
0.4,0.05,0.1,0.15,0.15,0.15,0.4327301253597725,3.532225450681388e-05
0.4,0.05,0.2,0.25,0.05,0.05,0.4327301253597725,3.532225450681388e-05
0.3,0.05,0.1,0.2,0.25,0.1,0.4327301253597725,3.532225450681388e-05
0.3,0.05,0.1,0.2,0.2,0.15,0.4327301253597725,3.532225450681388e-05
0.3,0.05,0.15,0.25,0.15,0.1,0.4327301253597725,3.532225450681388e-05
0.25,0.05,0.1,0.2,0.15,0.25,0.4327301253597725,3.532225450681388e-05
0.25,0.05,0.1,0.2,0.2,0.2,0.4327301253597725,3.532225450681388e-05
0.25,0.05,0.1,0.2,0.25,0.15,0.4327301253597725,3.532225450681388e-05
0.25,0.05,0.1,0.25,0.1,0.25,0.4327301253597725,3.532225450681388e-05
0.2,0.05,0.2,0.35,0.1,0.1,0.4327301253597725,3.532225450681388e-05
0.2,0.05,0.2,0.4,0.05,0.1,0.4327301253597725,3.532225450681388e-05
0.3,0.05,0.15,0.25,0.1,0.15,0.4327301253597725,3.532225450681388e-05
0.35,0.1,0.05,0.3,0.15,0.05,0.4327301253597725,3.532225450681388e-05
0.55,0.05,0.05,0.1,0.05,0.2,0.4302123617755318,3.9667866630905905e-05
0.6,0.05,0.05,0.1,0.05,0.15,0.4302123617755318,3.9667866630905905e-05
0.4,0.05,0.3,0.1,0.1,0.05,0.42933114452104754,4.130299896505251e-05
0.5,0.1,0.2,0.05,0.1,0.05,0.42607903322473667,4.7896526396922494e-05
0.55,0.1,0.2,0.05,0.05,0.05,0.42607903322473667,4.7896526396922494e-05
0.45,0.05,0.3,0.1,0.05,0.05,0.42607903322473667,4.7896526396922494e-05
0.35,0.05,0.4,0.1,0.05,0.05,0.4223863133011836,5.6565105655924315e-05
0.5,0.05,0.25,0.05,0.1,0.05,0.4223863133011836,5.6565105655924315e-05
0.4,0.05,0.35,0.1,0.05,0.05,0.4223863133011836,5.6565105655924315e-05
0.4,0.05,0.4,0.05,0.05,0.05,0.4223863133011836,5.6565105655924315e-05
0.4,0.05,0.35,0.05,0.05,0.1,0.4223863133011836,5.6565105655924315e-05
0.45,0.05,0.35,0.05,0.05,0.05,0.4223863133011836,5.6565105655924315e-05
0.4,0.05,0.3,0.1,0.05,0.1,0.4223863133011836,5.6565105655924315e-05
0.45,0.05,0.3,0.05,0.05,0.1,0.4223863133011836,5.6565105655924315e-05
0.45,0.05,0.3,0.05,0.1,0.05,0.4223863133011836,5.6565105655924315e-05
0.45,0.05,0.25,0.05,0.1,0.1,0.4223863133011836,5.6565105655924315e-05
0.5,0.05,0.3,0.05,0.05,0.05,0.4223863133011836,5.6565105655924315e-05
0.4,0.05,0.3,0.05,0.1,0.1,0.4223863133011836,5.6565105655924315e-05
0.4,0.05,0.35,0.05,0.1,0.05,0.4223863133011836,5.6565105655924315e-05
0.5,0.1,0.25,0.05,0.05,0.05,0.4223863133011836,5.6565105655924315e-05
0.45,0.05,0.25,0.05,0.15,0.05,0.4222394437587695,5.6938321807638936e-05
0.35,0.05,0.15,0.2,0.2,0.05,0.42165196558911333,5.8454200149494736e-05
0.3,0.05,0.15,0.2,0.25,0.05,0.42165196558911333,5.8454200149494736e-05
0.4,0.05,0.05,0.1,0.35,0.05,0.42165196558911333,5.8454200149494736e-05
0.4,0.05,0.05,0.1,0.3,0.1,0.42165196558911333,5.8454200149494736e-05
0.35,0.05,0.1,0.15,0.15,0.2,0.42165196558911333,5.8454200149494736e-05
0.35,0.05,0.1,0.15,0.2,0.15,0.42165196558911333,5.8454200149494736e-05
0.35,0.05,0.1,0.15,0.25,0.1,0.42165196558911333,5.8454200149494736e-05
0.35,0.05,0.1,0.15,0.3,0.05,0.42165196558911333,5.8454200149494736e-05
0.35,0.05,0.05,0.1,0.35,0.1,0.42165196558911333,5.8454200149494736e-05
0.2,0.05,0.1,0.2,0.25,0.2,0.42165196558911333,5.8454200149494736e-05
0.4,0.05,0.1,0.15,0.25,0.05,0.42165196558911333,5.8454200149494736e-05
0.45,0.05,0.05,0.1,0.25,0.1,0.42165196558911333,5.8454200149494736e-05
0.3,0.05,0.15,0.2,0.15,0.15,0.42165196558911333,5.8454200149494736e-05
0.25,0.05,0.2,0.25,0.15,0.1,0.42165196558911333,5.8454200149494736e-05
0.3,0.05,0.1,0.15,0.3,0.1,0.42165196558911333,5.8454200149494736e-05
0.4,0.05,0.1,0.15,0.2,0.1,0.42165196558911333,5.8454200149494736e-05
0.35,0.1,0.1,0.25,0.15,0.05,0.42165196558911333,5.8454200149494736e-05
0.35,0.1,0.05,0.2,0.25,0.05,0.42165196558911333,5.8454200149494736e-05
0.3,0.05,0.15,0.2,0.2,0.1,0.42165196558911333,5.8454200149494736e-05
0.45,0.05,0.05,0.1,0.3,0.05,0.42165196558911333,5.8454200149494736e-05
0.3,0.05,0.1,0.15,0.25,0.15,0.42165196558911333,5.8454200149494736e-05
0.25,0.05,0.15,0.2,0.2,0.15,0.42165196558911333,5.8454200149494736e-05
0.4,0.1,0.05,0.2,0.15,0.1,0.42165196558911333,5.8454200149494736e-05
0.4,0.1,0.05,0.2,0.2,0.05,0.42165196558911333,5.8454200149494736e-05
0.2,0.05,0.2,0.25,0.15,0.15,0.42165196558911333,5.8454200149494736e-05
0.5,0.1,0.1,0.2,0.05,0.05,0.41898733246245856,6.581261694135587e-05
0.5,0.1,0.15,0.1,0.1,0.05,0.41898733246245856,6.581261694135587e-05
0.5,0.1,0.15,0.1,0.05,0.1,0.41898733246245856,6.581261694135587e-05
0.5,0.05,0.1,0.1,0.05,0.2,0.41898733246245856,6.581261694135587e-05
0.55,0.1,0.1,0.1,0.05,0.1,0.41898733246245856,6.581261694135587e-05
0.45,0.05,0.2,0.1,0.05,0.15,0.41898733246245856,6.581261694135587e-05
0.5,0.1,0.15,0.15,0.05,0.05,0.41898733246245856,6.581261694135587e-05
0.55,0.1,0.05,0.1,0.15,0.05,0.41898733246245856,6.581261694135587e-05
0.55,0.1,0.05,0.15,0.05,0.1,0.41898733246245856,6.581261694135587e-05
0.55,0.1,0.05,0.15,0.1,0.05,0.41898733246245856,6.581261694135587e-05
0.45,0.05,0.1,0.1,0.05,0.25,0.41898733246245856,6.581261694135587e-05
0.4,0.05,0.25,0.15,0.05,0.1,0.41898733246245856,6.581261694135587e-05
0.45,0.1,0.2,0.15,0.05,0.05,0.41898733246245856,6.581261694135587e-05
0.45,0.05,0.15,0.1,0.05,0.2,0.41898733246245856,6.581261694135587e-05
0.45,0.05,0.15,0.1,0.1,0.15,0.41898733246245856,6.581261694135587e-05
0.5,0.1,0.1,0.15,0.05,0.1,0.41898733246245856,6.581261694135587e-05
0.45,0.05,0.15,0.15,0.05,0.15,0.41898733246245856,6.581261694135587e-05
0.5,0.05,0.05,0.15,0.1,0.15,0.41602896025097574,7.498520436349356e-05
0.5,0.05,0.05,0.15,0.05,0.2,0.41602896025097574,7.498520436349356e-05
0.5,0.05,0.05,0.2,0.05,0.15,0.41602896025097574,7.498520436349356e-05
0.3,0.05,0.5,0.05,0.05,0.05,0.4152946125389056,7.743907342023212e-05
0.35,0.05,0.45,0.05,0.05,0.05,0.4152946125389056,7.743907342023212e-05
0.35,0.05,0.4,0.05,0.1,0.05,0.4151477429964915,7.793870460560436e-05
0.4,0.05,0.25,0.1,0.15,0.05,0.4145602648268353,7.996729678292586e-05
0.45,0.05,0.2,0.05,0.2,0.05,0.4145602648268353,7.996729678292586e-05
0.5,0.1,0.15,0.05,0.05,0.15,0.41189563170018056,8.97984927306785e-05
0.3,0.1,0.1,0.25,0.05,0.2,0.41160189261535246,9.094824906459807e-05
0.3,0.05,0.15,0.2,0.05,0.25,0.41160189261535246,9.094824906459807e-05
0.4,0.05,0.1,0.15,0.05,0.25,0.41160189261535246,9.094824906459807e-05
0.4,0.15,0.05,0.3,0.05,0.05,0.41160189261535246,9.094824906459807e-05
0.35,0.05,0.1,0.15,0.1,0.25,0.41160189261535246,9.094824906459807e-05
0.35,0.1,0.1,0.25,0.05,0.15,0.41160189261535246,9.094824906459807e-05
0.65,0.05,0.05,0.05,0.05,0.15,0.40893725948869775,0.00010201960029890145
0.6,0.05,0.05,0.05,0.1,0.15,0.40893725948869775,0.00010201960029890145
0.4,0.05,0.2,0.05,0.05,0.25,0.40820291177662754,0.00010528320566662749
0.45,0.05,0.2,0.05,0.1,0.15,0.40820291177662754,0.00010528320566662749
0.4,0.05,0.25,0.1,0.05,0.15,0.40820291177662754,0.00010528320566662749
0.4,0.05,0.25,0.05,0.05,0.2,0.40820291177662754,0.00010528320566662749
0.45,0.05,0.2,0.05,0.05,0.2,0.40820291177662754,0.00010528320566662749
0.45,0.05,0.15,0.05,0.05,0.25,0.40820291177662754,0.00010528320566662749
0.45,0.05,0.15,0.05,0.1,0.2,0.40820291177662754,0.00010528320566662749
0.4,0.05,0.3,0.05,0.15,0.05,0.40377584414100426,0.00012709679039009543
0.4,0.05,0.25,0.05,0.2,0.05,0.40377584414100426,0.00012709679039009543
0.35,0.15,0.15,0.25,0.05,0.05,0.40052373284469334,0.00014570759076324038
0.2,0.1,0.2,0.2,0.1,0.2,0.40052373284469334,0.00014570759076324038
0.3,0.15,0.15,0.25,0.05,0.1,0.40052373284469334,0.00014570759076324038
0.3,0.15,0.15,0.3,0.05,0.05,0.40052373284469334,0.00014570759076324038
0.25,0.1,0.25,0.25,0.05,0.1,0.40052373284469334,0.00014570759076324038
0.3,0.2,0.05,0.3,0.05,0.1,0.40052373284469334,0.00014570759076324038
0.25,0.1,0.2,0.2,0.05,0.2,0.40052373284469334,0.00014570759076324038
0.25,0.1,0.2,0.2,0.1,0.15,0.40052373284469334,0.00014570759076324038
0.25,0.1,0.2,0.25,0.05,0.15,0.40052373284469334,0.00014570759076324038
0.25,0.1,0.2,0.3,0.05,0.1,0.40052373284469334,0.00014570759076324038
0.35,0.15,0.1,0.25,0.05,0.1,0.40052373284469334,0.00014570759076324038
0.35,0.15,0.1,0.2,0.1,0.1,0.40052373284469334,0.00014570759076324038
0.35,0.2,0.05,0.3,0.05,0.05,0.40052373284469334,0.00014570759076324038
0.35,0.15,0.05,0.2,0.15,0.1,0.40052373284469334,0.00014570759076324038
0.3,0.05,0.15,0.1,0.15,0.25,0.40052373284469334,0.00014570759076324038
0.35,0.05,0.15,0.15,0.05,0.25,0.40052373284469334,0.00014570759076324038
0.35,0.05,0.15,0.15,0.1,0.2,0.40052373284469334,0.00014570759076324038
0.2,0.1,0.15,0.2,0.1,0.25,0.40052373284469334,0.00014570759076324038
0.35,0.15,0.05,0.25,0.1,0.1,0.40052373284469334,0.00014570759076324038
0.35,0.15,0.05,0.3,0.05,0.1,0.40052373284469334,0.00014570759076324038
0.35,0.1,0.2,0.25,0.05,0.05,0.40052373284469334,0.00014570759076324038
0.35,0.15,0.05,0.3,0.1,0.05,0.40052373284469334,0.00014570759076324038
0.35,0.15,0.1,0.2,0.05,0.15,0.40052373284469334,0.00014570759076324038
0.35,0.1,0.15,0.15,0.05,0.2,0.40052373284469334,0.00014570759076324038
0.2,0.1,0.2,0.3,0.05,0.15,0.40052373284469334,0.00014570759076324038
0.25,0.1,0.15,0.15,0.1,0.25,0.40052373284469334,0.00014570759076324038
0.25,0.1,0.15,0.15,0.15,0.2,0.40052373284469334,0.00014570759076324038
0.25,0.1,0.15,0.2,0.1,0.2,0.40052373284469334,0.00014570759076324038
0.2,0.1,0.15,0.15,0.15,0.25,0.40052373284469334,0.00014570759076324038
0.45,0.15,0.1,0.15,0.05,0.1,0.40052373284469334,0.00014570759076324038
0.4,0.15,0.1,0.2,0.1,0.05,0.40052373284469334,0.00014570759076324038
0.4,0.15,0.1,0.25,0.05,0.05,0.40052373284469334,0.00014570759076324038
0.4,0.15,0.05,0.2,0.1,0.1,0.40052373284469334,0.00014570759076324038
0.4,0.2,0.05,0.25,0.05,0.05,0.40052373284469334,0.00014570759076324038
0.2,0.05,0.25,0.25,0.05,0.2,0.40052373284469334,0.00014570759076324038
0.4,0.15,0.05,0.25,0.05,0.1,0.40052373284469334,0.00014570759076324038
0.4,0.15,0.05,0.25,0.1,0.05,0.40052373284469334,0.00014570759076324038
0.4,0.15,0.05,0.2,0.15,0.05,0.40052373284469334,0.00014570759076324038
0.45,0.15,0.1,0.2,0.05,0.05,0.40052373284469334,0.00014570759076324038
0.25,0.1,0.1,0.2,0.1,0.25,0.40052373284469334,0.00014570759076324038
0.25,0.1,0.1,0.25,0.1,0.2,0.40052373284469334,0.00014570759076324038
0.25,0.1,0.15,0.25,0.05,0.2,0.40052373284469334,0.00014570759076324038
0.25,0.1,0.15,0.25,0.1,0.15,0.40052373284469334,0.00014570759076324038
0.25,0.1,0.15,0.3,0.05,0.15,0.40052373284469334,0.00014570759076324038
0.35,0.1,0.1,0.2,0.05,0.2,0.40052373284469334,0.00014570759076324038
0.35,0.1,0.2,0.15,0.05,0.15,0.40052373284469334,0.00014570759076324038
0.35,0.1,0.2,0.2,0.05,0.1,0.40052373284469334,0.00014570759076324038
0.35,0.1,0.15,0.25,0.05,0.1,0.40052373284469334,0.00014570759076324038
0.4,0.1,0.2,0.15,0.05,0.1,0.40052373284469334,0.00014570759076324038
0.4,0.1,0.2,0.2,0.05,0.05,0.40052373284469334,0.00014570759076324038
0.2,0.05,0.3,0.2,0.05,0.2,0.40052373284469334,0.00014570759076324038
0.4,0.1,0.1,0.1,0.15,0.15,0.40052373284469334,0.00014570759076324038
0.2,0.05,0.2,0.2,0.1,0.25,0.40052373284469334,0.00014570759076324038
0.3,0.05,0.15,0.15,0.1,0.25,0.40052373284469334,0.00014570759076324038
0.4,0.15,0.1,0.2,0.05,0.1,0.40052373284469334,0.00014570759076324038
0.4,0.05,0.15,0.1,0.1,0.2,0.40052373284469334,0.00014570759076324038
0.2,0.1,0.25,0.25,0.05,0.15,0.40052373284469334,0.00014570759076324038
0.2,0.1,0.25,0.3,0.05,0.1,0.40052373284469334,0.00014570759076324038
0.4,0.05,0.2,0.2,0.05,0.1,0.40052373284469334,0.00014570759076324038
0.25,0.05,0.15,0.15,0.1,0.3,0.40052373284469334,0.00014570759076324038
0.25,0.05,0.15,0.2,0.1,0.25,0.40052373284469334,0.00014570759076324038
0.35,0.1,0.15,0.15,0.1,0.15,0.40052373284469334,0.00014570759076324038
0.35,0.1,0.15,0.2,0.05,0.15,0.40052373284469334,0.00014570759076324038
0.35,0.1,0.15,0.2,0.1,0.1,0.40052373284469334,0.00014570759076324038
0.35,0.1,0.1,0.15,0.1,0.2,0.40052373284469334,0.00014570759076324038
0.35,0.1,0.1,0.15,0.15,0.15,0.40052373284469334,0.00014570759076324038
0.45,0.15,0.05,0.2,0.05,0.1,0.40052373284469334,0.00014570759076324038
0.45,0.15,0.05,0.2,0.1,0.05,0.40052373284469334,0.00014570759076324038
0.45,0.15,0.05,0.25,0.05,0.05,0.40052373284469334,0.00014570759076324038
0.4,0.05,0.1,0.1,0.1,0.25,0.40052373284469334,0.00014570759076324038
0.4,0.05,0.1,0.1,0.15,0.2,0.40052373284469334,0.00014570759076324038
0.35,0.05,0.3,0.15,0.05,0.1,0.40052373284469334,0.00014570759076324038
0.4,0.1,0.15,0.1,0.1,0.15,0.40052373284469334,0.00014570759076324038
0.4,0.1,0.15,0.15,0.05,0.15,0.40052373284469334,0.00014570759076324038
0.4,0.1,0.15,0.15,0.1,0.1,0.40052373284469334,0.00014570759076324038
0.4,0.1,0.15,0.2,0.05,0.1,0.40052373284469334,0.00014570759076324038
0.4,0.1,0.15,0.25,0.05,0.05,0.40052373284469334,0.00014570759076324038
0.3,0.05,0.2,0.2,0.05,0.2,0.40052373284469334,0.00014570759076324038
0.25,0.05,0.2,0.15,0.1,0.25,0.40052373284469334,0.00014570759076324038
0.3,0.05,0.2,0.15,0.1,0.2,0.40052373284469334,0.00014570759076324038
0.2,0.15,0.15,0.3,0.05,0.15,0.40052373284469334,0.00014570759076324038
0.5,0.15,0.05,0.2,0.05,0.05,0.40052373284469334,0.00014570759076324038
0.5,0.15,0.1,0.15,0.05,0.05,0.40052373284469334,0.00014570759076324038
0.3,0.05,0.3,0.2,0.05,0.1,0.40052373284469334,0.00014570759076324038
0.4,0.1,0.15,0.2,0.1,0.05,0.40052373284469334,0.00014570759076324038
0.4,0.05,0.25,0.2,0.05,0.05,0.40052373284469334,0.00014570759076324038
0.45,0.1,0.15,0.15,0.05,0.1,0.40052373284469334,0.00014570759076324038
0.45,0.1,0.15,0.15,0.1,0.05,0.40052373284469334,0.00014570759076324038
0.45,0.1,0.15,0.2,0.05,0.05,0.40052373284469334,0.00014570759076324038
0.25,0.1,0.1,0.15,0.15,0.25,0.40052373284469334,0.00014570759076324038
0.2,0.1,0.1,0.25,0.1,0.25,0.40052373284469334,0.00014570759076324038
0.3,0.05,0.25,0.2,0.05,0.15,0.40052373284469334,0.00014570759076324038
0.35,0.05,0.1,0.1,0.15,0.25,0.40052373284469334,0.00014570759076324038
0.2,0.15,0.1,0.25,0.1,0.2,0.40052373284469334,0.00014570759076324038
0.45,0.05,0.1,0.1,0.1,0.2,0.40052373284469334,0.00014570759076324038
0.35,0.05,0.2,0.2,0.05,0.15,0.40052373284469334,0.00014570759076324038
0.4,0.1,0.1,0.15,0.05,0.2,0.40052373284469334,0.00014570759076324038
0.4,0.1,0.1,0.15,0.1,0.15,0.40052373284469334,0.00014570759076324038
0.4,0.1,0.1,0.2,0.05,0.15,0.40052373284469334,0.00014570759076324038
0.4,0.1,0.1,0.2,0.1,0.1,0.40052373284469334,0.00014570759076324038
0.3,0.1,0.2,0.15,0.05,0.2,0.40052373284469334,0.00014570759076324038
0.3,0.1,0.2,0.2,0.05,0.15,0.40052373284469334,0.00014570759076324038
0.3,0.1,0.2,0.2,0.1,0.1,0.40052373284469334,0.00014570759076324038
0.3,0.1,0.2,0.25,0.05,0.1,0.40052373284469334,0.00014570759076324038
0.3,0.1,0.2,0.3,0.05,0.05,0.40052373284469334,0.00014570759076324038
0.4,0.05,0.15,0.15,0.05,0.2,0.40052373284469334,0.00014570759076324038
0.4,0.05,0.15,0.15,0.1,0.15,0.40052373284469334,0.00014570759076324038
0.3,0.1,0.1,0.15,0.15,0.2,0.40052373284469334,0.00014570759076324038
0.3,0.1,0.1,0.2,0.1,0.2,0.40052373284469334,0.00014570759076324038
0.45,0.05,0.15,0.05,0.15,0.15,0.40052373284469334,0.00014570759076324038
0.5,0.1,0.1,0.1,0.1,0.1,0.40052373284469334,0.00014570759076324038
0.5,0.1,0.1,0.1,0.15,0.05,0.40052373284469334,0.00014570759076324038
0.5,0.1,0.1,0.15,0.1,0.05,0.40052373284469334,0.00014570759076324038
0.45,0.1,0.1,0.1,0.1,0.15,0.40052373284469334,0.00014570759076324038
0.45,0.1,0.1,0.1,0.15,0.1,0.40052373284469334,0.00014570759076324038
0.45,0.1,0.1,0.15,0.05,0.15,0.40052373284469334,0.00014570759076324038
0.45,0.1,0.1,0.15,0.1,0.1,0.40052373284469334,0.00014570759076324038
0.45,0.1,0.1,0.2,0.05,0.1,0.40052373284469334,0.00014570759076324038
0.45,0.1,0.1,0.2,0.1,0.05,0.40052373284469334,0.00014570759076324038
0.5,0.1,0.05,0.15,0.1,0.1,0.40052373284469334,0.00014570759076324038
0.35,0.05,0.25,0.2,0.05,0.1,0.40052373284469334,0.00014570759076324038
0.4,0.05,0.25,0.1,0.1,0.1,0.40052373284469334,0.00014570759076324038
0.35,0.05,0.2,0.15,0.05,0.2,0.40052373284469334,0.00014570759076324038
0.3,0.1,0.15,0.15,0.1,0.2,0.40052373284469334,0.00014570759076324038
0.3,0.1,0.15,0.2,0.05,0.2,0.40052373284469334,0.00014570759076324038
0.3,0.1,0.15,0.2,0.1,0.15,0.40052373284469334,0.00014570759076324038
0.35,0.1,0.1,0.2,0.1,0.15,0.40052373284469334,0.00014570759076324038
0.35,0.05,0.25,0.15,0.05,0.15,0.40052373284469334,0.00014570759076324038
0.3,0.1,0.1,0.25,0.1,0.15,0.40052373284469334,0.00014570759076324038
0.25,0.05,0.25,0.15,0.1,0.2,0.40052373284469334,0.00014570759076324038
0.3,0.1,0.15,0.25,0.05,0.15,0.40052373284469334,0.00014570759076324038
0.2,0.1,0.1,0.2,0.15,0.25,0.40052373284469334,0.00014570759076324038
0.4,0.05,0.2,0.1,0.1,0.15,0.40052373284469334,0.00014570759076324038
0.4,0.05,0.2,0.15,0.05,0.15,0.40052373284469334,0.00014570759076324038
0.25,0.05,0.25,0.2,0.05,0.2,0.40052373284469334,0.00014570759076324038
0.25,0.05,0.25,0.25,0.05,0.15,0.40052373284469334,0.00014570759076324038
0.25,0.05,0.3,0.2,0.05,0.15,0.40052373284469334,0.00014570759076324038
0.45,0.1,0.15,0.1,0.05,0.15,0.40052373284469334,0.00014570759076324038
0.45,0.1,0.15,0.1,0.1,0.1,0.40052373284469334,0.00014570759076324038
0.35,0.05,0.2,0.15,0.1,0.15,0.40052373284469334,0.00014570759076324038
0.35,0.15,0.1,0.25,0.1,0.05,0.40052373284469334,0.00014570759076324038
0.25,0.15,0.1,0.25,0.1,0.15,0.40052373284469334,0.00014570759076324038
0.25,0.15,0.1,0.3,0.05,0.15,0.40052373284469334,0.00014570759076324038
0.25,0.15,0.1,0.35,0.05,0.1,0.40052373284469334,0.00014570759076324038
0.2,0.1,0.15,0.25,0.1,0.2,0.40052373284469334,0.00014570759076324038
0.3,0.15,0.1,0.2,0.05,0.2,0.40052373284469334,0.00014570759076324038
0.3,0.15,0.1,0.2,0.1,0.15,0.40052373284469334,0.00014570759076324038
0.3,0.15,0.1,0.25,0.05,0.15,0.40052373284469334,0.00014570759076324038
0.3,0.15,0.1,0.25,0.1,0.1,0.40052373284469334,0.00014570759076324038
0.3,0.15,0.1,0.3,0.05,0.1,0.40052373284469334,0.00014570759076324038
0.3,0.15,0.1,0.35,0.05,0.05,0.40052373284469334,0.00014570759076324038
0.3,0.1,0.25,0.25,0.05,0.05,0.40052373284469334,0.00014570759076324038
0.25,0.15,0.15,0.25,0.05,0.15,0.40052373284469334,0.00014570759076324038
0.25,0.15,0.15,0.3,0.05,0.1,0.40052373284469334,0.00014570759076324038
0.3,0.15,0.05,0.3,0.1,0.1,0.40052373284469334,0.00014570759076324038
0.25,0.15,0.1,0.2,0.1,0.2,0.40052373284469334,0.00014570759076324038
0.35,0.15,0.1,0.3,0.05,0.05,0.40052373284469334,0.00014570759076324038
0.4,0.05,0.05,0.05,0.4,0.05,0.40037686330227934,0.00014660474148559734
0.4,0.05,0.05,0.05,0.35,0.1,0.40037686330227934,0.00014660474148559734
0.2,0.05,0.1,0.1,0.3,0.25,0.40037686330227934,0.00014660474148559734
0.4,0.05,0.1,0.05,0.2,0.2,0.40037686330227934,0.00014660474148559734
0.2,0.1,0.15,0.3,0.1,0.15,0.40037686330227934,0.00014660474148559734
0.45,0.1,0.05,0.15,0.15,0.1,0.40037686330227934,0.00014660474148559734
0.2,0.1,0.15,0.2,0.15,0.2,0.40037686330227934,0.00014660474148559734
0.3,0.15,0.05,0.25,0.15,0.1,0.40037686330227934,0.00014660474148559734
0.25,0.05,0.25,0.2,0.15,0.1,0.40037686330227934,0.00014660474148559734
0.25,0.05,0.25,0.25,0.1,0.1,0.40037686330227934,0.00014660474148559734
0.25,0.05,0.25,0.25,0.15,0.05,0.40037686330227934,0.00014660474148559734
0.25,0.05,0.3,0.2,0.1,0.1,0.40037686330227934,0.00014660474148559734
0.25,0.05,0.3,0.25,0.05,0.1,0.40037686330227934,0.00014660474148559734
0.25,0.05,0.3,0.25,0.1,0.05,0.40037686330227934,0.00014660474148559734
0.25,0.05,0.3,0.3,0.05,0.05,0.40037686330227934,0.00014660474148559734
0.45,0.1,0.05,0.1,0.25,0.05,0.40037686330227934,0.00014660474148559734
0.2,0.05,0.15,0.15,0.25,0.2,0.40037686330227934,0.00014660474148559734
0.25,0.05,0.25,0.2,0.1,0.15,0.40037686330227934,0.00014660474148559734
0.2,0.05,0.15,0.2,0.15,0.25,0.40037686330227934,0.00014660474148559734
0.2,0.05,0.15,0.2,0.2,0.2,0.40037686330227934,0.00014660474148559734
0.4,0.05,0.2,0.1,0.2,0.05,0.40037686330227934,0.00014660474148559734
0.35,0.05,0.2,0.15,0.15,0.1,0.40037686330227934,0.00014660474148559734
0.3,0.1,0.15,0.2,0.15,0.1,0.40037686330227934,0.00014660474148559734
0.4,0.1,0.05,0.15,0.25,0.05,0.40037686330227934,0.00014660474148559734
0.35,0.1,0.1,0.2,0.15,0.1,0.40037686330227934,0.00014660474148559734
0.35,0.1,0.1,0.2,0.2,0.05,0.40037686330227934,0.00014660474148559734
0.35,0.05,0.25,0.15,0.1,0.1,0.40037686330227934,0.00014660474148559734
0.25,0.05,0.25,0.15,0.15,0.15,0.40037686330227934,0.00014660474148559734
0.3,0.1,0.15,0.25,0.1,0.1,0.40037686330227934,0.00014660474148559734
0.3,0.1,0.15,0.25,0.15,0.05,0.40037686330227934,0.00014660474148559734
0.2,0.1,0.1,0.15,0.2,0.25,0.40037686330227934,0.00014660474148559734
0.4,0.05,0.2,0.1,0.15,0.1,0.40037686330227934,0.00014660474148559734
0.35,0.05,0.1,0.05,0.25,0.2,0.40037686330227934,0.00014660474148559734
0.45,0.1,0.05,0.15,0.2,0.05,0.40037686330227934,0.00014660474148559734
0.3,0.1,0.1,0.25,0.15,0.1,0.40037686330227934,0.00014660474148559734
0.25,0.05,0.35,0.25,0.05,0.05,0.40037686330227934,0.00014660474148559734
0.35,0.05,0.1,0.05,0.3,0.15,0.40037686330227934,0.00014660474148559734
0.5,0.1,0.05,0.1,0.2,0.05,0.40037686330227934,0.00014660474148559734
0.35,0.05,0.25,0.15,0.15,0.05,0.40037686330227934,0.00014660474148559734
0.35,0.05,0.25,0.2,0.1,0.05,0.40037686330227934,0.00014660474148559734
0.35,0.05,0.25,0.25,0.05,0.05,0.40037686330227934,0.00014660474148559734
0.5,0.1,0.05,0.15,0.15,0.05,0.40037686330227934,0.00014660474148559734
0.3,0.1,0.15,0.15,0.15,0.15,0.40037686330227934,0.00014660474148559734
0.4,0.05,0.15,0.1,0.15,0.15,0.40037686330227934,0.00014660474148559734
0.4,0.1,0.1,0.15,0.15,0.1,0.40037686330227934,0.00014660474148559734
0.4,0.1,0.1,0.15,0.2,0.05,0.40037686330227934,0.00014660474148559734
0.4,0.1,0.1,0.2,0.15,0.05,0.40037686330227934,0.00014660474148559734
0.4,0.1,0.05,0.15,0.2,0.1,0.40037686330227934,0.00014660474148559734
0.4,0.05,0.15,0.15,0.2,0.05,0.40037686330227934,0.00014660474148559734
0.4,0.05,0.15,0.15,0.15,0.1,0.40037686330227934,0.00014660474148559734
0.4,0.05,0.15,0.1,0.25,0.05,0.40037686330227934,0.00014660474148559734
0.4,0.05,0.15,0.1,0.2,0.1,0.40037686330227934,0.00014660474148559734
0.3,0.1,0.1,0.15,0.2,0.15,0.40037686330227934,0.00014660474148559734
0.3,0.1,0.1,0.2,0.15,0.15,0.40037686330227934,0.00014660474148559734
0.35,0.1,0.05,0.15,0.25,0.1,0.40037686330227934,0.00014660474148559734
0.2,0.05,0.15,0.15,0.15,0.3,0.40037686330227934,0.00014660474148559734
0.45,0.05,0.15,0.05,0.2,0.1,0.40037686330227934,0.00014660474148559734
0.3,0.1,0.1,0.2,0.2,0.1,0.40037686330227934,0.00014660474148559734
0.45,0.05,0.15,0.15,0.1,0.1,0.40037686330227934,0.00014660474148559734
0.45,0.05,0.15,0.1,0.15,0.1,0.40037686330227934,0.00014660474148559734
0.45,0.05,0.1,0.1,0.2,0.1,0.40037686330227934,0.00014660474148559734
0.35,0.1,0.05,0.2,0.2,0.1,0.40037686330227934,0.00014660474148559734
0.45,0.1,0.1,0.1,0.2,0.05,0.40037686330227934,0.00014660474148559734
0.45,0.1,0.1,0.15,0.15,0.05,0.40037686330227934,0.00014660474148559734
0.3,0.05,0.25,0.2,0.1,0.1,0.40037686330227934,0.00014660474148559734
0.3,0.05,0.25,0.25,0.1,0.05,0.40037686330227934,0.00014660474148559734
0.3,0.05,0.25,0.25,0.05,0.1,0.40037686330227934,0.00014660474148559734
0.35,0.05,0.1,0.1,0.2,0.2,0.40037686330227934,0.00014660474148559734
0.4,0.05,0.2,0.15,0.1,0.1,0.40037686330227934,0.00014660474148559734
0.45,0.05,0.1,0.05,0.25,0.1,0.40037686330227934,0.00014660474148559734
0.45,0.05,0.1,0.05,0.2,0.15,0.40037686330227934,0.00014660474148559734
0.35,0.05,0.1,0.1,0.35,0.05,0.40037686330227934,0.00014660474148559734
0.3,0.05,0.3,0.25,0.05,0.05,0.40037686330227934,0.00014660474148559734
0.35,0.05,0.1,0.1,0.3,0.1,0.40037686330227934,0.00014660474148559734
0.35,0.05,0.1,0.1,0.25,0.15,0.40037686330227934,0.00014660474148559734
0.35,0.05,0.05,0.05,0.4,0.1,0.40037686330227934,0.00014660474148559734
0.3,0.05,0.25,0.2,0.15,0.05,0.40037686330227934,0.00014660474148559734
0.4,0.05,0.2,0.15,0.15,0.05,0.40037686330227934,0.00014660474148559734
0.45,0.05,0.1,0.1,0.25,0.05,0.40037686330227934,0.00014660474148559734
0.35,0.05,0.2,0.15,0.2,0.05,0.40037686330227934,0.00014660474148559734
0.4,0.1,0.05,0.1,0.25,0.1,0.40037686330227934,0.00014660474148559734
0.35,0.05,0.2,0.2,0.15,0.05,0.40037686330227934,0.00014660474148559734
0.35,0.05,0.2,0.2,0.1,0.1,0.40037686330227934,0.00014660474148559734
0.45,0.05,0.1,0.05,0.3,0.05,0.40037686330227934,0.00014660474148559734
0.45,0.05,0.1,0.1,0.15,0.15,0.40037686330227934,0.00014660474148559734
0.2,0.1,0.1,0.25,0.15,0.2,0.40037686330227934,0.00014660474148559734
0.3,0.1,0.2,0.25,0.1,0.05,0.40037686330227934,0.00014660474148559734
0.3,0.05,0.3,0.2,0.1,0.05,0.40037686330227934,0.00014660474148559734
0.3,0.05,0.25,0.15,0.15,0.1,0.40037686330227934,0.00014660474148559734
0.25,0.05,0.15,0.15,0.25,0.15,0.40037686330227934,0.00014660474148559734
0.35,0.1,0.15,0.15,0.15,0.1,0.40037686330227934,0.00014660474148559734
0.35,0.1,0.15,0.2,0.15,0.05,0.40037686330227934,0.00014660474148559734
0.4,0.05,0.2,0.2,0.1,0.05,0.40037686330227934,0.00014660474148559734
0.3,0.05,0.1,0.1,0.3,0.15,0.40037686330227934,0.00014660474148559734
0.2,0.05,0.2,0.2,0.15,0.2,0.40037686330227934,0.00014660474148559734
0.2,0.05,0.3,0.25,0.1,0.1,0.40037686330227934,0.00014660474148559734
0.25,0.1,0.1,0.15,0.2,0.2,0.40037686330227934,0.00014660474148559734
0.25,0.1,0.1,0.25,0.15,0.15,0.40037686330227934,0.00014660474148559734
0.35,0.05,0.2,0.1,0.2,0.1,0.40037686330227934,0.00014660474148559734
0.4,0.05,0.1,0.05,0.3,0.1,0.40037686330227934,0.00014660474148559734
0.4,0.05,0.1,0.1,0.2,0.15,0.40037686330227934,0.00014660474148559734
0.4,0.05,0.1,0.1,0.25,0.1,0.40037686330227934,0.00014660474148559734
0.2,0.05,0.15,0.15,0.2,0.25,0.40037686330227934,0.00014660474148559734
0.4,0.05,0.1,0.05,0.25,0.15,0.40037686330227934,0.00014660474148559734
0.35,0.05,0.3,0.2,0.05,0.05,0.40037686330227934,0.00014660474148559734
0.35,0.1,0.1,0.1,0.2,0.15,0.40037686330227934,0.00014660474148559734
0.25,0.05,0.2,0.2,0.15,0.15,0.40037686330227934,0.00014660474148559734
0.25,0.05,0.2,0.2,0.1,0.2,0.40037686330227934,0.00014660474148559734
0.25,0.05,0.2,0.2,0.2,0.1,0.40037686330227934,0.00014660474148559734
0.2,0.05,0.2,0.15,0.15,0.25,0.40037686330227934,0.00014660474148559734
0.2,0.05,0.2,0.15,0.2,0.2,0.40037686330227934,0.00014660474148559734
0.4,0.1,0.15,0.15,0.15,0.05,0.40037686330227934,0.00014660474148559734
0.3,0.05,0.15,0.15,0.15,0.2,0.40037686330227934,0.00014660474148559734
0.2,0.05,0.3,0.3,0.05,0.1,0.40037686330227934,0.00014660474148559734
0.3,0.05,0.2,0.15,0.2,0.1,0.40037686330227934,0.00014660474148559734
0.3,0.05,0.2,0.2,0.1,0.15,0.40037686330227934,0.00014660474148559734
0.3,0.05,0.2,0.2,0.15,0.1,0.40037686330227934,0.00014660474148559734
0.3,0.05,0.2,0.2,0.2,0.05,0.40037686330227934,0.00014660474148559734
0.45,0.05,0.05,0.05,0.3,0.1,0.40037686330227934,0.00014660474148559734
0.45,0.05,0.05,0.05,0.35,0.05,0.40037686330227934,0.00014660474148559734
0.25,0.05,0.2,0.15,0.15,0.2,0.40037686330227934,0.00014660474148559734
0.25,0.05,0.2,0.15,0.2,0.15,0.40037686330227934,0.00014660474148559734
0.2,0.05,0.35,0.25,0.05,0.1,0.40037686330227934,0.00014660474148559734
0.2,0.05,0.35,0.3,0.05,0.05,0.40037686330227934,0.00014660474148559734
0.3,0.05,0.25,0.15,0.1,0.15,0.40037686330227934,0.00014660474148559734
0.35,0.1,0.1,0.15,0.2,0.1,0.40037686330227934,0.00014660474148559734
0.3,0.05,0.2,0.1,0.2,0.15,0.40037686330227934,0.00014660474148559734
0.3,0.05,0.2,0.15,0.15,0.15,0.40037686330227934,0.00014660474148559734
0.25,0.05,0.1,0.15,0.2,0.25,0.40037686330227934,0.00014660474148559734
0.2,0.1,0.2,0.35,0.05,0.1,0.40037686330227934,0.00014660474148559734
0.35,0.1,0.2,0.2,0.1,0.05,0.40037686330227934,0.00014660474148559734
0.35,0.15,0.05,0.25,0.15,0.05,0.40037686330227934,0.00014660474148559734
0.35,0.05,0.15,0.15,0.15,0.15,0.40037686330227934,0.00014660474148559734
0.35,0.05,0.15,0.15,0.2,0.1,0.40037686330227934,0.00014660474148559734
0.35,0.05,0.15,0.1,0.25,0.1,0.40037686330227934,0.00014660474148559734
0.35,0.05,0.15,0.1,0.2,0.15,0.40037686330227934,0.00014660474148559734
0.25,0.05,0.1,0.1,0.3,0.2,0.40037686330227934,0.00014660474148559734
0.35,0.05,0.15,0.1,0.15,0.2,0.40037686330227934,0.00014660474148559734
0.25,0.05,0.1,0.1,0.25,0.25,0.40037686330227934,0.00014660474148559734
0.2,0.05,0.25,0.25,0.15,0.1,0.40037686330227934,0.00014660474148559734
0.2,0.05,0.25,0.2,0.15,0.15,0.40037686330227934,0.00014660474148559734
0.2,0.05,0.25,0.25,0.1,0.15,0.40037686330227934,0.00014660474148559734
0.2,0.05,0.25,0.2,0.1,0.2,0.40037686330227934,0.00014660474148559734
0.35,0.05,0.15,0.15,0.25,0.05,0.40037686330227934,0.00014660474148559734
0.25,0.05,0.1,0.15,0.25,0.2,0.40037686330227934,0.00014660474148559734
0.2,0.1,0.2,0.25,0.1,0.15,0.40037686330227934,0.00014660474148559734
0.3,0.05,0.15,0.1,0.25,0.15,0.40037686330227934,0.00014660474148559734
0.3,0.05,0.15,0.1,0.2,0.2,0.40037686330227934,0.00014660474148559734
0.25,0.1,0.25,0.3,0.05,0.05,0.40037686330227934,0.00014660474148559734
0.25,0.1,0.2,0.25,0.1,0.1,0.40037686330227934,0.00014660474148559734
0.35,0.05,0.2,0.1,0.15,0.15,0.40037686330227934,0.00014660474148559734
0.25,0.1,0.1,0.2,0.15,0.2,0.40037686330227934,0.00014660474148559734
0.25,0.1,0.1,0.2,0.2,0.15,0.40037686330227934,0.00014660474148559734
0.25,0.1,0.15,0.25,0.15,0.1,0.40037686330227934,0.00014660474148559734
0.25,0.1,0.15,0.3,0.1,0.1,0.40037686330227934,0.00014660474148559734
0.35,0.1,0.15,0.25,0.1,0.05,0.40037686330227934,0.00014660474148559734
0.4,0.05,0.1,0.1,0.3,0.05,0.40037686330227934,0.00014660474148559734
0.25,0.05,0.15,0.1,0.25,0.2,0.40037686330227934,0.00014660474148559734
0.2,0.05,0.3,0.2,0.1,0.15,0.40037686330227934,0.00014660474148559734
0.2,0.05,0.3,0.25,0.05,0.15,0.40037686330227934,0.00014660474148559734
0.4,0.1,0.1,0.1,0.2,0.1,0.40037686330227934,0.00014660474148559734
0.25,0.1,0.15,0.2,0.15,0.15,0.40037686330227934,0.00014660474148559734
0.2,0.05,0.2,0.25,0.1,0.2,0.40037686330227934,0.00014660474148559734
0.3,0.05,0.1,0.1,0.25,0.2,0.40037686330227934,0.00014660474148559734
0.3,0.05,0.1,0.1,0.2,0.25,0.40037686330227934,0.00014660474148559734
0.2,0.05,0.2,0.2,0.2,0.15,0.40037686330227934,0.00014660474148559734
0.3,0.05,0.1,0.15,0.15,0.25,0.40037686330227934,0.00014660474148559734
0.25,0.05,0.15,0.2,0.15,0.2,0.40037686330227934,0.00014660474148559734
0.3,0.05,0.15,0.15,0.25,0.1,0.40037686330227934,0.00014660474148559734
0.3,0.05,0.15,0.15,0.2,0.15,0.40037686330227934,0.00014660474148559734
0.25,0.05,0.15,0.15,0.2,0.2,0.40037686330227934,0.00014660474148559734
0.25,0.05,0.15,0.15,0.15,0.25,0.40037686330227934,0.00014660474148559734
0.4,0.05,0.15,0.05,0.25,0.1,0.40037686330227934,0.00014660474148559734
0.2,0.05,0.1,0.15,0.25,0.25,0.40037686330227934,0.00014660474148559734
0.3,0.05,0.1,0.15,0.2,0.2,0.40037686330227934,0.00014660474148559734
0.55,0.05,0.05,0.05,0.15,0.15,0.39785909971803857,0.00016280059922008281
0.6,0.1,0.05,0.05,0.05,0.15,0.39785909971803857,0.00016280059922008281
0.5,0.1,0.1,0.05,0.1,0.15,0.3977122301756245,0.0001637945525172114
0.45,0.1,0.2,0.1,0.05,0.1,0.3977122301756245,0.0001637945525172114
0.5,0.1,0.15,0.05,0.15,0.05,0.3977122301756245,0.0001637945525172114
0.6,0.15,0.05,0.1,0.05,0.05,0.3977122301756245,0.0001637945525172114
0.55,0.1,0.05,0.1,0.1,0.1,0.3977122301756245,0.0001637945525172114
0.5,0.1,0.1,0.1,0.05,0.15,0.3977122301756245,0.0001637945525172114
0.55,0.1,0.05,0.05,0.15,0.1,0.3977122301756245,0.0001637945525172114
0.5,0.15,0.15,0.1,0.05,0.05,0.3977122301756245,0.0001637945525172114
0.5,0.05,0.1,0.05,0.1,0.2,0.3977122301756245,0.0001637945525172114
0.6,0.15,0.05,0.05,0.05,0.1,0.3977122301756245,0.0001637945525172114
0.55,0.15,0.05,0.1,0.05,0.1,0.3977122301756245,0.0001637945525172114
0.55,0.15,0.05,0.15,0.05,0.05,0.3977122301756245,0.0001637945525172114
0.2,0.05,0.1,0.4,0.05,0.2,0.3976492860860185,0.0001642222457592672
0.2,0.05,0.1,0.4,0.1,0.15,0.3976492860860185,0.0001642222457592672
0.2,0.05,0.15,0.4,0.05,0.15,0.3976492860860185,0.0001642222457592672
0.2,0.05,0.15,0.45,0.05,0.1,0.3976492860860185,0.0001642222457592672
0.2,0.05,0.1,0.45,0.05,0.15,0.3976492860860185,0.0001642222457592672
0.2,0.05,0.15,0.35,0.05,0.2,0.3976492860860185,0.0001642222457592672
0.2,0.05,0.1,0.35,0.1,0.2,0.3976492860860185,0.0001642222457592672
0.2,0.05,0.1,0.3,0.1,0.25,0.3976492860860185,0.0001642222457592672
0.45,0.05,0.05,0.15,0.1,0.2,0.39756536063321046,0.00016479410791355364
0.4,0.05,0.05,0.2,0.1,0.2,0.39756536063321046,0.00016479410791355364
0.3,0.05,0.05,0.25,0.1,0.25,0.39756536063321046,0.00016479410791355364
0.35,0.05,0.05,0.2,0.1,0.25,0.39756536063321046,0.00016479410791355364
0.4,0.05,0.05,0.25,0.05,0.2,0.39756536063321046,0.00016479410791355364
0.45,0.05,0.05,0.2,0.05,0.2,0.39756536063321046,0.00016479410791355364
0.35,0.05,0.05,0.15,0.15,0.25,0.3974184910907964,0.00016579929411379674
0.4,0.05,0.05,0.3,0.05,0.15,0.3974184910907964,0.00016579929411379674
0.45,0.05,0.05,0.25,0.05,0.15,0.3974184910907964,0.00016579929411379674
0.35,0.1,0.05,0.25,0.1,0.15,0.3974184910907964,0.00016579929411379674
0.2,0.1,0.05,0.3,0.1,0.25,0.3974184910907964,0.00016579929411379674
0.2,0.15,0.05,0.45,0.05,0.1,0.3974184910907964,0.00016579929411379674
0.25,0.15,0.05,0.35,0.05,0.15,0.3974184910907964,0.00016579929411379674
0.25,0.15,0.1,0.4,0.05,0.05,0.3974184910907964,0.00016579929411379674
0.35,0.05,0.05,0.3,0.05,0.2,0.3974184910907964,0.00016579929411379674
0.2,0.15,0.1,0.4,0.05,0.1,0.3974184910907964,0.00016579929411379674
0.3,0.1,0.05,0.25,0.1,0.2,0.3974184910907964,0.00016579929411379674
0.35,0.1,0.05,0.25,0.05,0.2,0.3974184910907964,0.00016579929411379674
0.4,0.1,0.05,0.25,0.05,0.15,0.3974184910907964,0.00016579929411379674
0.3,0.1,0.05,0.3,0.05,0.2,0.3974184910907964,0.00016579929411379674
0.3,0.1,0.05,0.35,0.05,0.15,0.3974184910907964,0.00016579929411379674
0.25,0.15,0.05,0.4,0.05,0.1,0.3974184910907964,0.00016579929411379674
0.35,0.1,0.05,0.3,0.05,0.15,0.3974184910907964,0.00016579929411379674
0.4,0.05,0.05,0.15,0.15,0.2,0.3974184910907964,0.00016579929411379674
0.2,0.1,0.05,0.4,0.05,0.2,0.3974184910907964,0.00016579929411379674
0.25,0.1,0.05,0.35,0.05,0.2,0.3974184910907964,0.00016579929411379674
0.25,0.1,0.05,0.25,0.1,0.25,0.3974184910907964,0.00016579929411379674
0.25,0.05,0.1,0.2,0.1,0.3,0.3974184910907964,0.00016579929411379674
0.25,0.1,0.05,0.4,0.05,0.15,0.3974184910907964,0.00016579929411379674
0.25,0.1,0.05,0.3,0.1,0.2,0.3974184910907964,0.00016579929411379674
0.2,0.2,0.05,0.45,0.05,0.05,0.3974184910907964,0.00016579929411379674
0.3,0.05,0.05,0.2,0.15,0.25,0.3974184910907964,0.00016579929411379674
0.45,0.05,0.05,0.2,0.1,0.15,0.3973511559481935,0.00016626203134721158
0.25,0.15,0.05,0.35,0.15,0.05,0.3972716215483824,0.0001668101399531806
0.3,0.15,0.05,0.35,0.1,0.05,0.3972716215483824,0.0001668101399531806
0.5,0.05,0.05,0.1,0.15,0.15,0.3972716215483824,0.0001668101399531806
0.2,0.1,0.15,0.4,0.05,0.1,0.3972716215483824,0.0001668101399531806
0.2,0.1,0.15,0.45,0.05,0.05,0.3972716215483824,0.0001668101399531806
0.2,0.1,0.15,0.4,0.1,0.05,0.3972716215483824,0.0001668101399531806
0.25,0.15,0.05,0.35,0.1,0.1,0.3972716215483824,0.0001668101399531806
0.2,0.05,0.05,0.25,0.35,0.1,0.3972716215483824,0.0001668101399531806
0.3,0.05,0.05,0.2,0.2,0.2,0.3972716215483824,0.0001668101399531806
0.2,0.05,0.05,0.25,0.4,0.05,0.3972716215483824,0.0001668101399531806
0.3,0.05,0.05,0.35,0.2,0.05,0.3972716215483824,0.0001668101399531806
0.3,0.05,0.05,0.4,0.05,0.15,0.3972716215483824,0.0001668101399531806
0.25,0.05,0.05,0.35,0.25,0.05,0.3972716215483824,0.0001668101399531806
0.25,0.05,0.05,0.35,0.2,0.1,0.3972716215483824,0.0001668101399531806
0.25,0.05,0.05,0.4,0.05,0.2,0.3972716215483824,0.0001668101399531806
0.2,0.05,0.2,0.4,0.1,0.05,0.3972716215483824,0.0001668101399531806
0.25,0.05,0.1,0.45,0.1,0.05,0.3972716215483824,0.0001668101399531806
0.2,0.05,0.2,0.45,0.05,0.05,0.3972716215483824,0.0001668101399531806
0.25,0.05,0.1,0.3,0.2,0.1,0.3972716215483824,0.0001668101399531806
0.25,0.05,0.1,0.3,0.25,0.05,0.3972716215483824,0.0001668101399531806
0.25,0.05,0.1,0.35,0.2,0.05,0.3972716215483824,0.0001668101399531806
0.25,0.05,0.1,0.4,0.15,0.05,0.3972716215483824,0.0001668101399531806
0.2,0.05,0.2,0.3,0.2,0.05,0.3972716215483824,0.0001668101399531806
0.25,0.05,0.05,0.25,0.3,0.1,0.3972716215483824,0.0001668101399531806
0.25,0.05,0.05,0.55,0.05,0.05,0.3972716215483824,0.0001668101399531806
0.2,0.05,0.2,0.3,0.15,0.1,0.3972716215483824,0.0001668101399531806
0.25,0.05,0.05,0.5,0.1,0.05,0.3972716215483824,0.0001668101399531806
0.25,0.05,0.05,0.45,0.15,0.05,0.3972716215483824,0.0001668101399531806
0.25,0.05,0.05,0.4,0.2,0.05,0.3972716215483824,0.0001668101399531806
0.25,0.05,0.05,0.45,0.05,0.15,0.3972716215483824,0.0001668101399531806
0.25,0.05,0.05,0.4,0.1,0.15,0.3972716215483824,0.0001668101399531806
0.25,0.05,0.05,0.4,0.15,0.1,0.3972716215483824,0.0001668101399531806
0.25,0.05,0.1,0.25,0.25,0.1,0.3972716215483824,0.0001668101399531806
0.2,0.05,0.25,0.4,0.05,0.05,0.3972716215483824,0.0001668101399531806
0.2,0.05,0.25,0.35,0.1,0.05,0.3972716215483824,0.0001668101399531806
0.25,0.05,0.1,0.25,0.3,0.05,0.3972716215483824,0.0001668101399531806
0.25,0.05,0.05,0.35,0.1,0.2,0.3972716215483824,0.0001668101399531806
0.25,0.05,0.05,0.3,0.3,0.05,0.3972716215483824,0.0001668101399531806
0.25,0.05,0.05,0.35,0.15,0.15,0.3972716215483824,0.0001668101399531806
0.25,0.05,0.05,0.25,0.35,0.05,0.3972716215483824,0.0001668101399531806
0.25,0.05,0.05,0.3,0.2,0.15,0.3972716215483824,0.0001668101399531806
0.25,0.05,0.05,0.3,0.15,0.2,0.3972716215483824,0.0001668101399531806
0.2,0.05,0.2,0.35,0.15,0.05,0.3972716215483824,0.0001668101399531806
0.25,0.05,0.05,0.3,0.25,0.1,0.3972716215483824,0.0001668101399531806
0.25,0.05,0.05,0.3,0.1,0.25,0.3972716215483824,0.0001668101399531806
0.2,0.05,0.15,0.25,0.2,0.15,0.3972716215483824,0.0001668101399531806
0.2,0.05,0.15,0.25,0.25,0.1,0.3972716215483824,0.0001668101399531806
0.25,0.05,0.15,0.3,0.2,0.05,0.3972716215483824,0.0001668101399531806
0.2,0.05,0.05,0.4,0.2,0.1,0.3972716215483824,0.0001668101399531806
0.2,0.05,0.05,0.4,0.25,0.05,0.3972716215483824,0.0001668101399531806
0.2,0.05,0.05,0.45,0.2,0.05,0.3972716215483824,0.0001668101399531806
0.2,0.05,0.15,0.4,0.15,0.05,0.3972716215483824,0.0001668101399531806
0.2,0.05,0.15,0.5,0.05,0.05,0.3972716215483824,0.0001668101399531806
0.2,0.05,0.15,0.45,0.1,0.05,0.3972716215483824,0.0001668101399531806
0.45,0.05,0.05,0.1,0.2,0.15,0.3972716215483824,0.0001668101399531806
0.25,0.05,0.15,0.25,0.25,0.05,0.3972716215483824,0.0001668101399531806
0.25,0.05,0.15,0.35,0.15,0.05,0.3972716215483824,0.0001668101399531806
0.25,0.05,0.05,0.25,0.15,0.25,0.3972716215483824,0.0001668101399531806
0.25,0.05,0.05,0.25,0.2,0.2,0.3972716215483824,0.0001668101399531806
0.25,0.05,0.05,0.25,0.25,0.15,0.3972716215483824,0.0001668101399531806
0.25,0.05,0.05,0.2,0.4,0.05,0.3972716215483824,0.0001668101399531806
0.25,0.05,0.05,0.2,0.2,0.25,0.3972716215483824,0.0001668101399531806
0.25,0.05,0.05,0.2,0.35,0.1,0.3972716215483824,0.0001668101399531806
0.25,0.05,0.05,0.2,0.25,0.2,0.3972716215483824,0.0001668101399531806
0.2,0.1,0.05,0.3,0.25,0.1,0.3972716215483824,0.0001668101399531806
0.2,0.1,0.05,0.3,0.3,0.05,0.3972716215483824,0.0001668101399531806
0.2,0.1,0.05,0.35,0.1,0.2,0.3972716215483824,0.0001668101399531806
0.2,0.1,0.05,0.35,0.2,0.1,0.3972716215483824,0.0001668101399531806
0.2,0.05,0.15,0.3,0.25,0.05,0.3972716215483824,0.0001668101399531806
0.2,0.05,0.15,0.3,0.2,0.1,0.3972716215483824,0.0001668101399531806
0.2,0.05,0.15,0.35,0.15,0.1,0.3972716215483824,0.0001668101399531806
0.3,0.1,0.05,0.35,0.15,0.05,0.3972716215483824,0.0001668101399531806
0.2,0.15,0.1,0.4,0.1,0.05,0.3972716215483824,0.0001668101399531806
0.2,0.15,0.1,0.45,0.05,0.05,0.3972716215483824,0.0001668101399531806
0.3,0.1,0.05,0.25,0.15,0.15,0.3972716215483824,0.0001668101399531806
0.2,0.05,0.15,0.4,0.1,0.1,0.3972716215483824,0.0001668101399531806
0.3,0.1,0.05,0.25,0.25,0.05,0.3972716215483824,0.0001668101399531806
0.3,0.1,0.05,0.3,0.1,0.15,0.3972716215483824,0.0001668101399531806
0.3,0.1,0.05,0.3,0.2,0.05,0.3972716215483824,0.0001668101399531806
0.45,0.05,0.05,0.15,0.15,0.15,0.3972716215483824,0.0001668101399531806
0.2,0.1,0.05,0.3,0.15,0.2,0.3972716215483824,0.0001668101399531806
0.2,0.05,0.15,0.35,0.2,0.05,0.3972716215483824,0.0001668101399531806
0.2,0.1,0.05,0.25,0.15,0.25,0.3972716215483824,0.0001668101399531806
0.2,0.1,0.1,0.5,0.05,0.05,0.3972716215483824,0.0001668101399531806
0.25,0.1,0.1,0.3,0.2,0.05,0.3972716215483824,0.0001668101399531806
0.25,0.1,0.1,0.35,0.15,0.05,0.3972716215483824,0.0001668101399531806
0.35,0.05,0.05,0.3,0.1,0.15,0.3972716215483824,0.0001668101399531806
0.35,0.05,0.05,0.25,0.15,0.15,0.3972716215483824,0.0001668101399531806
0.35,0.05,0.05,0.25,0.1,0.2,0.3972716215483824,0.0001668101399531806
0.2,0.05,0.1,0.45,0.15,0.05,0.3972716215483824,0.0001668101399531806
0.2,0.05,0.1,0.4,0.2,0.05,0.3972716215483824,0.0001668101399531806
0.35,0.05,0.05,0.15,0.25,0.15,0.3972716215483824,0.0001668101399531806
0.25,0.1,0.05,0.25,0.15,0.2,0.3972716215483824,0.0001668101399531806
0.25,0.1,0.05,0.3,0.15,0.15,0.3972716215483824,0.0001668101399531806
0.25,0.1,0.05,0.3,0.25,0.05,0.3972716215483824,0.0001668101399531806
0.25,0.1,0.05,0.3,0.2,0.1,0.3972716215483824,0.0001668101399531806
0.35,0.05,0.05,0.35,0.05,0.15,0.3972716215483824,0.0001668101399531806
0.35,0.05,0.05,0.15,0.35,0.05,0.3972716215483824,0.0001668101399531806
0.35,0.05,0.05,0.2,0.15,0.2,0.3972716215483824,0.0001668101399531806
0.35,0.05,0.05,0.2,0.2,0.15,0.3972716215483824,0.0001668101399531806
0.3,0.05,0.1,0.25,0.25,0.05,0.3972716215483824,0.0001668101399531806
0.3,0.05,0.1,0.2,0.3,0.05,0.3972716215483824,0.0001668101399531806
0.2,0.1,0.1,0.35,0.15,0.1,0.3972716215483824,0.0001668101399531806
0.2,0.1,0.1,0.3,0.15,0.15,0.3972716215483824,0.0001668101399531806
0.2,0.1,0.1,0.35,0.2,0.05,0.3972716215483824,0.0001668101399531806
0.2,0.1,0.1,0.3,0.2,0.1,0.3972716215483824,0.0001668101399531806
0.2,0.1,0.1,0.35,0.1,0.15,0.3972716215483824,0.0001668101399531806
0.2,0.05,0.1,0.4,0.15,0.1,0.3972716215483824,0.0001668101399531806
0.35,0.05,0.05,0.15,0.2,0.2,0.3972716215483824,0.0001668101399531806
0.2,0.15,0.05,0.4,0.1,0.1,0.3972716215483824,0.0001668101399531806
0.2,0.15,0.05,0.45,0.1,0.05,0.3972716215483824,0.0001668101399531806
0.2,0.15,0.05,0.4,0.15,0.05,0.3972716215483824,0.0001668101399531806
0.2,0.1,0.05,0.5,0.05,0.1,0.3972716215483824,0.0001668101399531806
0.2,0.1,0.05,0.5,0.1,0.05,0.3972716215483824,0.0001668101399531806
0.2,0.1,0.05,0.55,0.05,0.05,0.3972716215483824,0.0001668101399531806
0.2,0.1,0.05,0.45,0.15,0.05,0.3972716215483824,0.0001668101399531806
0.3,0.05,0.05,0.3,0.25,0.05,0.3972716215483824,0.0001668101399531806
0.3,0.05,0.05,0.3,0.15,0.15,0.3972716215483824,0.0001668101399531806
0.2,0.1,0.05,0.45,0.1,0.1,0.3972716215483824,0.0001668101399531806
0.3,0.05,0.05,0.35,0.05,0.2,0.3972716215483824,0.0001668101399531806
0.3,0.05,0.05,0.25,0.3,0.05,0.3972716215483824,0.0001668101399531806
0.3,0.05,0.05,0.3,0.1,0.2,0.3972716215483824,0.0001668101399531806
0.3,0.05,0.05,0.25,0.15,0.2,0.3972716215483824,0.0001668101399531806
0.3,0.05,0.05,0.25,0.2,0.15,0.3972716215483824,0.0001668101399531806
0.2,0.1,0.05,0.4,0.2,0.05,0.3972716215483824,0.0001668101399531806
0.2,0.1,0.05,0.4,0.15,0.1,0.3972716215483824,0.0001668101399531806
0.2,0.1,0.05,0.35,0.25,0.05,0.3972716215483824,0.0001668101399531806
0.2,0.15,0.05,0.5,0.05,0.05,0.3972716215483824,0.0001668101399531806
0.3,0.05,0.05,0.15,0.25,0.2,0.3972716215483824,0.0001668101399531806
0.2,0.05,0.05,0.3,0.2,0.2,0.3972716215483824,0.0001668101399531806
0.3,0.05,0.05,0.2,0.35,0.05,0.3972716215483824,0.0001668101399531806
0.2,0.05,0.05,0.3,0.35,0.05,0.3972716215483824,0.0001668101399531806
0.2,0.05,0.05,0.3,0.3,0.1,0.3972716215483824,0.0001668101399531806
0.3,0.05,0.05,0.2,0.3,0.1,0.3972716215483824,0.0001668101399531806
0.3,0.05,0.05,0.2,0.25,0.15,0.3972716215483824,0.0001668101399531806
0.3,0.05,0.05,0.35,0.1,0.15,0.3972716215483824,0.0001668101399531806
0.2,0.1,0.15,0.35,0.15,0.05,0.3972716215483824,0.0001668101399531806
0.4,0.05,0.05,0.15,0.2,0.15,0.3972716215483824,0.0001668101399531806
0.4,0.05,0.05,0.2,0.15,0.15,0.3972716215483824,0.0001668101399531806
0.25,0.15,0.05,0.45,0.05,0.05,0.3972716215483824,0.0001668101399531806
0.2,0.1,0.15,0.35,0.1,0.1,0.3972716215483824,0.0001668101399531806
0.2,0.05,0.05,0.35,0.25,0.1,0.3972716215483824,0.0001668101399531806
0.2,0.05,0.05,0.35,0.3,0.05,0.3972716215483824,0.0001668101399531806
0.3,0.05,0.05,0.15,0.2,0.25,0.3972716215483824,0.0001668101399531806
0.25,0.1,0.1,0.45,0.05,0.05,0.3972716215483824,0.0001668101399531806
0.2,0.05,0.1,0.25,0.25,0.15,0.3972716215483824,0.0001668101399531806
0.2,0.05,0.05,0.2,0.25,0.25,0.3972716215483824,0.0001668101399531806
0.2,0.05,0.05,0.2,0.4,0.1,0.3972716215483824,0.0001668101399531806
0.25,0.15,0.05,0.4,0.1,0.05,0.3972716215483824,0.0001668101399531806
0.2,0.1,0.2,0.4,0.05,0.05,0.3972716215483824,0.0001668101399531806
0.25,0.1,0.1,0.4,0.1,0.05,0.3972716215483824,0.0001668101399531806
0.4,0.05,0.05,0.25,0.1,0.15,0.3972716215483824,0.0001668101399531806
0.25,0.1,0.15,0.4,0.05,0.05,0.3972716215483824,0.0001668101399531806
0.25,0.1,0.15,0.35,0.1,0.05,0.3972716215483824,0.0001668101399531806
0.2,0.05,0.1,0.3,0.2,0.15,0.3972716215483824,0.0001668101399531806
0.2,0.05,0.1,0.25,0.35,0.05,0.3972716215483824,0.0001668101399531806
0.2,0.05,0.1,0.25,0.3,0.1,0.3972716215483824,0.0001668101399531806
0.25,0.1,0.05,0.35,0.15,0.1,0.3972716215483824,0.0001668101399531806
0.25,0.1,0.05,0.35,0.1,0.15,0.3972716215483824,0.0001668101399531806
0.25,0.1,0.1,0.3,0.15,0.1,0.3972716215483824,0.0001668101399531806
0.2,0.1,0.1,0.4,0.1,0.1,0.3972716215483824,0.0001668101399531806
0.25,0.1,0.05,0.5,0.05,0.05,0.3972716215483824,0.0001668101399531806
0.25,0.1,0.05,0.45,0.1,0.05,0.3972716215483824,0.0001668101399531806
0.25,0.1,0.05,0.4,0.15,0.05,0.3972716215483824,0.0001668101399531806
0.25,0.1,0.05,0.4,0.1,0.1,0.3972716215483824,0.0001668101399531806
0.25,0.1,0.05,0.35,0.2,0.05,0.3972716215483824,0.0001668101399531806
0.2,0.05,0.1,0.35,0.25,0.05,0.3972716215483824,0.0001668101399531806
0.2,0.05,0.1,0.35,0.2,0.1,0.3972716215483824,0.0001668101399531806
0.2,0.05,0.1,0.3,0.3,0.05,0.3972716215483824,0.0001668101399531806
0.2,0.05,0.1,0.3,0.25,0.1,0.3972716215483824,0.0001668101399531806
0.2,0.1,0.1,0.45,0.05,0.1,0.3972716215483824,0.0001668101399531806
0.2,0.1,0.1,0.4,0.15,0.05,0.3972716215483824,0.0001668101399531806
0.2,0.1,0.1,0.45,0.1,0.05,0.3972716215483824,0.0001668101399531806
0.2,0.05,0.25,0.15,0.15,0.2,0.3966841433787262,0.00017091070100458324
0.25,0.05,0.15,0.1,0.2,0.25,0.3966841433787262,0.00017091070100458324
0.35,0.05,0.15,0.05,0.25,0.15,0.3966841433787262,0.00017091070100458324
0.2,0.05,0.15,0.1,0.25,0.25,0.3966841433787262,0.00017091070100458324
0.3,0.05,0.1,0.05,0.3,0.2,0.3966841433787262,0.00017091070100458324
0.2,0.05,0.1,0.05,0.35,0.25,0.3966841433787262,0.00017091070100458324
0.4,0.05,0.15,0.05,0.2,0.15,0.3966841433787262,0.00017091070100458324
0.5,0.05,0.05,0.1,0.1,0.2,0.39475385796414164,0.00018504833383235582
0.35,0.1,0.15,0.1,0.1,0.2,0.3934320320824153,0.00019534376876086665
0.4,0.1,0.15,0.1,0.05,0.2,0.3934320320824153,0.00019534376876086665
0.3,0.05,0.3,0.15,0.05,0.15,0.3934320320824153,0.00019534376876086665
0.3,0.05,0.25,0.15,0.05,0.2,0.3934320320824153,0.00019534376876086665
0.35,0.05,0.15,0.1,0.1,0.25,0.3934320320824153,0.00019534376876086665
0.4,0.05,0.15,0.1,0.05,0.25,0.3934320320824153,0.00019534376876086665
0.4,0.05,0.2,0.1,0.05,0.2,0.3934320320824153,0.00019534376876086665
0.55,0.05,0.05,0.05,0.1,0.2,0.3907673989557605,0.00021772230256298546
0.5,0.05,0.1,0.05,0.05,0.25,0.3907673989557605,0.00021772230256298546
0.5,0.1,0.15,0.05,0.1,0.1,0.3906205294133465,0.00021902192974351993
0.5,0.1,0.1,0.05,0.05,0.2,0.3906205294133465,0.00021902192974351993
0.55,0.15,0.15,0.05,0.05,0.05,0.3906205294133465,0.00021902192974351993
0.45,0.1,0.25,0.1,0.05,0.05,0.3906205294133465,0.00021902192974351993
0.55,0.1,0.1,0.05,0.05,0.15,0.3906205294133465,0.00021902192974351993
0.35,0.05,0.2,0.1,0.1,0.2,0.3897393121588622,0.00022697101848147613
0.25,0.05,0.15,0.1,0.15,0.3,0.3897393121588622,0.00022697101848147613
0.35,0.05,0.25,0.1,0.1,0.15,0.3897393121588622,0.00022697101848147613
0.4,0.05,0.15,0.05,0.15,0.2,0.3897393121588622,0.00022697101848147613
0.4,0.05,0.15,0.05,0.1,0.25,0.3897393121588622,0.00022697101848147613
0.25,0.05,0.3,0.15,0.05,0.2,0.3897393121588622,0.00022697101848147613
0.35,0.05,0.25,0.1,0.05,0.2,0.3897393121588622,0.00022697101848147613
0.4,0.05,0.2,0.05,0.1,0.2,0.3897393121588622,0.00022697101848147613
0.3,0.1,0.15,0.1,0.1,0.25,0.3897393121588622,0.00022697101848147613
0.3,0.05,0.25,0.05,0.1,0.25,0.3897393121588622,0.00022697101848147613
0.3,0.05,0.25,0.1,0.1,0.2,0.3897393121588622,0.00022697101848147613
0.25,0.05,0.2,0.1,0.15,0.25,0.3897393121588622,0.00022697101848147613
0.25,0.05,0.25,0.1,0.1,0.25,0.3897393121588622,0.00022697101848147613
0.3,0.05,0.2,0.05,0.15,0.25,0.3897393121588622,0.00022697101848147613
0.3,0.05,0.2,0.1,0.1,0.25,0.3897393121588622,0.00022697101848147613
0.35,0.05,0.25,0.05,0.05,0.25,0.3897393121588622,0.00022697101848147613
0.3,0.05,0.2,0.05,0.1,0.3,0.3897393121588622,0.00022697101848147613
0.3,0.05,0.15,0.1,0.1,0.3,0.3897393121588622,0.00022697101848147613
0.3,0.05,0.15,0.05,0.15,0.3,0.3897393121588622,0.00022697101848147613
0.35,0.05,0.2,0.1,0.05,0.25,0.3897393121588622,0.00022697101848147613
0.2,0.05,0.25,0.15,0.1,0.25,0.3897393121588622,0.00022697101848147613
0.25,0.05,0.2,0.05,0.15,0.3,0.3897393121588622,0.00022697101848147613
0.2,0.05,0.2,0.1,0.15,0.3,0.3897393121588622,0.00022697101848147613
0.35,0.05,0.2,0.05,0.15,0.2,0.3897393121588622,0.00022697101848147613
0.35,0.05,0.15,0.05,0.15,0.25,0.3897393121588622,0.00022697101848147613
0.25,0.05,0.2,0.1,0.1,0.3,0.3897393121588622,0.00022697101848147613
0.35,0.05,0.2,0.05,0.1,0.25,0.3897393121588622,0.00022697101848147613
0.35,0.05,0.15,0.05,0.2,0.2,0.3895924426164482,0.00022832142360077793
0.3,0.05,0.2,0.1,0.15,0.2,0.3895924426164482,0.00022832142360077793
0.25,0.05,0.15,0.05,0.2,0.3,0.3895924426164482,0.00022832142360077793
0.3,0.05,0.15,0.05,0.2,0.25,0.3895924426164482,0.00022832142360077793
0.3,0.05,0.15,0.05,0.25,0.2,0.3895924426164482,0.00022832142360077793
0.25,0.05,0.15,0.05,0.25,0.25,0.3895924426164482,0.00022832142360077793
0.4,0.05,0.2,0.05,0.15,0.15,0.3895924426164482,0.00022832142360077793
0.2,0.05,0.15,0.1,0.2,0.3,0.3895924426164482,0.00022832142360077793
0.2,0.05,0.2,0.1,0.2,0.25,0.3895924426164482,0.00022832142360077793
0.25,0.05,0.2,0.1,0.2,0.2,0.3895924426164482,0.00022832142360077793
0.2,0.05,0.15,0.05,0.25,0.3,0.3895924426164482,0.00022832142360077793
0.35,0.05,0.35,0.05,0.05,0.15,0.38692780948979344,0.0002541435737581536
0.5,0.1,0.2,0.05,0.05,0.1,0.38692780948979344,0.0002541435737581536
0.5,0.15,0.2,0.05,0.05,0.05,0.38692780948979344,0.0002541435737581536
0.4,0.1,0.3,0.05,0.05,0.1,0.38692780948979344,0.0002541435737581536
0.4,0.1,0.35,0.05,0.05,0.05,0.38692780948979344,0.0002541435737581536
0.4,0.1,0.3,0.1,0.05,0.05,0.38692780948979344,0.0002541435737581536
0.35,0.05,0.35,0.1,0.05,0.1,0.38692780948979344,0.0002541435737581536
0.45,0.1,0.2,0.05,0.05,0.15,0.38692780948979344,0.0002541435737581536
0.4,0.05,0.25,0.05,0.1,0.15,0.38692780948979344,0.0002541435737581536
0.4,0.05,0.3,0.05,0.05,0.15,0.38692780948979344,0.0002541435737581536
0.35,0.05,0.4,0.05,0.05,0.1,0.38692780948979344,0.0002541435737581536
0.45,0.1,0.25,0.05,0.1,0.05,0.38692780948979344,0.0002541435737581536
0.45,0.1,0.25,0.05,0.05,0.1,0.38692780948979344,0.0002541435737581536
0.45,0.1,0.3,0.05,0.05,0.05,0.38692780948979344,0.0002541435737581536
0.45,0.1,0.15,0.05,0.05,0.2,0.38692780948979344,0.0002541435737581536
0.45,0.15,0.25,0.05,0.05,0.05,0.38692780948979344,0.0002541435737581536
0.2,0.05,0.05,0.15,0.45,0.1,0.3861934617777233,0.00026171818410612165
0.2,0.1,0.15,0.3,0.2,0.05,0.3861934617777233,0.00026171818410612165
0.2,0.05,0.05,0.15,0.3,0.25,0.3861934617777233,0.00026171818410612165
0.4,0.05,0.05,0.1,0.25,0.15,0.3861934617777233,0.00026171818410612165
0.3,0.05,0.1,0.15,0.35,0.05,0.3861934617777233,0.00026171818410612165
0.2,0.05,0.1,0.15,0.4,0.1,0.3861934617777233,0.00026171818410612165
0.2,0.05,0.1,0.2,0.3,0.15,0.3861934617777233,0.00026171818410612165
0.2,0.05,0.1,0.2,0.35,0.1,0.3861934617777233,0.00026171818410612165
0.2,0.05,0.1,0.2,0.4,0.05,0.3861934617777233,0.00026171818410612165
0.2,0.05,0.15,0.2,0.25,0.15,0.3861934617777233,0.00026171818410612165
0.2,0.05,0.15,0.2,0.3,0.1,0.3861934617777233,0.00026171818410612165
0.2,0.05,0.15,0.2,0.35,0.05,0.3861934617777233,0.00026171818410612165
0.2,0.05,0.15,0.25,0.3,0.05,0.3861934617777233,0.00026171818410612165
0.25,0.05,0.05,0.15,0.3,0.2,0.3861934617777233,0.00026171818410612165
0.25,0.05,0.05,0.15,0.4,0.1,0.3861934617777233,0.00026171818410612165
0.25,0.05,0.05,0.15,0.45,0.05,0.3861934617777233,0.00026171818410612165
0.25,0.05,0.05,0.1,0.45,0.1,0.3861934617777233,0.00026171818410612165
0.25,0.05,0.05,0.15,0.25,0.25,0.3861934617777233,0.00026171818410612165
0.2,0.05,0.2,0.25,0.2,0.1,0.3861934617777233,0.00026171818410612165
0.2,0.05,0.2,0.25,0.25,0.05,0.3861934617777233,0.00026171818410612165
0.25,0.05,0.1,0.15,0.35,0.1,0.3861934617777233,0.00026171818410612165
0.25,0.05,0.1,0.15,0.4,0.05,0.3861934617777233,0.00026171818410612165
0.25,0.05,0.1,0.2,0.3,0.1,0.3861934617777233,0.00026171818410612165
0.25,0.05,0.1,0.2,0.35,0.05,0.3861934617777233,0.00026171818410612165
0.25,0.05,0.1,0.15,0.3,0.15,0.3861934617777233,0.00026171818410612165
0.2,0.05,0.25,0.3,0.15,0.05,0.3861934617777233,0.00026171818410612165
0.25,0.05,0.15,0.2,0.25,0.1,0.3861934617777233,0.00026171818410612165
0.25,0.05,0.15,0.2,0.3,0.05,0.3861934617777233,0.00026171818410612165
0.25,0.05,0.2,0.25,0.2,0.05,0.3861934617777233,0.00026171818410612165
0.3,0.1,0.1,0.25,0.2,0.05,0.3861934617777233,0.00026171818410612165
0.2,0.1,0.05,0.25,0.3,0.1,0.3861934617777233,0.00026171818410612165
0.2,0.1,0.05,0.25,0.35,0.05,0.3861934617777233,0.00026171818410612165
0.3,0.05,0.05,0.1,0.4,0.1,0.3861934617777233,0.00026171818410612165
0.2,0.15,0.05,0.35,0.15,0.1,0.3861934617777233,0.00026171818410612165
0.2,0.15,0.05,0.35,0.2,0.05,0.3861934617777233,0.00026171818410612165
0.2,0.1,0.1,0.3,0.25,0.05,0.3861934617777233,0.00026171818410612165
0.35,0.05,0.05,0.1,0.3,0.15,0.3861934617777233,0.00026171818410612165
0.35,0.05,0.05,0.1,0.4,0.05,0.3861934617777233,0.00026171818410612165
0.25,0.1,0.05,0.25,0.25,0.1,0.3861934617777233,0.00026171818410612165
0.25,0.1,0.05,0.25,0.3,0.05,0.3861934617777233,0.00026171818410612165
0.25,0.1,0.1,0.25,0.25,0.05,0.3861934617777233,0.00026171818410612165
0.25,0.1,0.15,0.3,0.15,0.05,0.3861934617777233,0.00026171818410612165
0.2,0.1,0.2,0.35,0.1,0.05,0.3861934617777233,0.00026171818410612165
0.2,0.05,0.05,0.2,0.45,0.05,0.3861934617777233,0.00026171818410612165
0.3,0.05,0.05,0.15,0.4,0.05,0.3861934617777233,0.00026171818410612165
0.3,0.05,0.05,0.1,0.45,0.05,0.3861934617777233,0.00026171818410612165
0.3,0.05,0.05,0.15,0.35,0.1,0.3861934617777233,0.00026171818410612165
0.3,0.05,0.05,0.15,0.3,0.15,0.3861934617777233,0.00026171818410612165
0.3,0.05,0.45,0.05,0.05,0.1,0.37983610872751544,0.00033652380678731006
0.35,0.1,0.4,0.05,0.05,0.05,0.37983610872751544,0.00033652380678731006
0.25,0.15,0.2,0.25,0.05,0.1,0.37924863055785923,0.00034434513555162583
0.25,0.15,0.15,0.2,0.1,0.15,0.37924863055785923,0.00034434513555162583
0.25,0.15,0.2,0.2,0.05,0.15,0.37924863055785923,0.00034434513555162583
0.25,0.15,0.2,0.2,0.1,0.1,0.37924863055785923,0.00034434513555162583
0.25,0.15,0.15,0.15,0.15,0.15,0.37924863055785923,0.00034434513555162583
0.3,0.1,0.3,0.15,0.1,0.05,0.37924863055785923,0.00034434513555162583
0.3,0.1,0.3,0.2,0.05,0.05,0.37924863055785923,0.00034434513555162583
0.25,0.15,0.15,0.15,0.1,0.2,0.37924863055785923,0.00034434513555162583
0.25,0.15,0.1,0.2,0.15,0.15,0.37924863055785923,0.00034434513555162583
0.3,0.15,0.1,0.2,0.15,0.1,0.37924863055785923,0.00034434513555162583
0.3,0.15,0.1,0.15,0.15,0.15,0.37924863055785923,0.00034434513555162583
0.25,0.15,0.3,0.2,0.05,0.05,0.37924863055785923,0.00034434513555162583
0.35,0.15,0.2,0.2,0.05,0.05,0.37924863055785923,0.00034434513555162583
0.35,0.15,0.2,0.15,0.1,0.05,0.37924863055785923,0.00034434513555162583
0.3,0.1,0.25,0.15,0.1,0.1,0.37924863055785923,0.00034434513555162583
0.3,0.1,0.25,0.2,0.05,0.1,0.37924863055785923,0.00034434513555162583
0.25,0.15,0.25,0.25,0.05,0.05,0.37924863055785923,0.00034434513555162583
0.35,0.1,0.3,0.15,0.05,0.05,0.37924863055785923,0.00034434513555162583
0.25,0.15,0.25,0.2,0.05,0.1,0.37924863055785923,0.00034434513555162583
0.35,0.15,0.15,0.1,0.15,0.1,0.37924863055785923,0.00034434513555162583
0.35,0.15,0.2,0.15,0.05,0.1,0.37924863055785923,0.00034434513555162583
0.35,0.15,0.1,0.15,0.05,0.2,0.37924863055785923,0.00034434513555162583
0.35,0.15,0.1,0.15,0.15,0.1,0.37924863055785923,0.00034434513555162583
0.35,0.15,0.2,0.1,0.15,0.05,0.37924863055785923,0.00034434513555162583
0.3,0.15,0.2,0.15,0.1,0.1,0.37924863055785923,0.00034434513555162583
0.2,0.1,0.2,0.15,0.15,0.2,0.37924863055785923,0.00034434513555162583
0.3,0.15,0.15,0.15,0.05,0.2,0.37924863055785923,0.00034434513555162583
0.3,0.15,0.2,0.15,0.15,0.05,0.37924863055785923,0.00034434513555162583
0.3,0.15,0.15,0.15,0.1,0.15,0.37924863055785923,0.00034434513555162583
0.3,0.15,0.15,0.15,0.15,0.1,0.37924863055785923,0.00034434513555162583
0.3,0.15,0.15,0.2,0.05,0.15,0.37924863055785923,0.00034434513555162583
0.3,0.15,0.15,0.2,0.1,0.1,0.37924863055785923,0.00034434513555162583
0.25,0.1,0.25,0.2,0.05,0.15,0.37924863055785923,0.00034434513555162583
0.25,0.1,0.25,0.2,0.1,0.1,0.37924863055785923,0.00034434513555162583
0.25,0.1,0.3,0.2,0.05,0.1,0.37924863055785923,0.00034434513555162583
0.35,0.1,0.25,0.15,0.1,0.05,0.37924863055785923,0.00034434513555162583
0.35,0.1,0.25,0.15,0.05,0.1,0.37924863055785923,0.00034434513555162583
0.35,0.2,0.2,0.15,0.05,0.05,0.37924863055785923,0.00034434513555162583
0.25,0.1,0.3,0.25,0.05,0.05,0.37924863055785923,0.00034434513555162583
0.3,0.15,0.2,0.2,0.1,0.05,0.37924863055785923,0.00034434513555162583
0.3,0.15,0.25,0.15,0.1,0.05,0.37924863055785923,0.00034434513555162583
0.3,0.15,0.25,0.2,0.05,0.05,0.37924863055785923,0.00034434513555162583
0.25,0.1,0.35,0.2,0.05,0.05,0.37924863055785923,0.00034434513555162583
0.3,0.15,0.15,0.25,0.1,0.05,0.37924863055785923,0.00034434513555162583
0.3,0.15,0.2,0.25,0.05,0.05,0.37924863055785923,0.00034434513555162583
0.35,0.1,0.25,0.2,0.05,0.05,0.37924863055785923,0.00034434513555162583
0.3,0.15,0.2,0.2,0.05,0.1,0.37924863055785923,0.00034434513555162583
0.45,0.15,0.1,0.1,0.15,0.05,0.37924863055785923,0.00034434513555162583
0.45,0.15,0.05,0.15,0.1,0.1,0.37924863055785923,0.00034434513555162583
0.45,0.15,0.05,0.15,0.15,0.05,0.37924863055785923,0.00034434513555162583
0.2,0.1,0.3,0.25,0.05,0.1,0.37924863055785923,0.00034434513555162583
0.2,0.1,0.3,0.2,0.05,0.15,0.37924863055785923,0.00034434513555162583
0.2,0.1,0.25,0.2,0.1,0.15,0.37924863055785923,0.00034434513555162583
0.3,0.2,0.15,0.15,0.1,0.1,0.37924863055785923,0.00034434513555162583
0.3,0.2,0.15,0.2,0.05,0.1,0.37924863055785923,0.00034434513555162583
0.3,0.2,0.15,0.25,0.05,0.05,0.37924863055785923,0.00034434513555162583
0.35,0.1,0.2,0.15,0.1,0.1,0.37924863055785923,0.00034434513555162583
0.35,0.1,0.2,0.1,0.15,0.1,0.37924863055785923,0.00034434513555162583
0.3,0.2,0.2,0.15,0.1,0.05,0.37924863055785923,0.00034434513555162583
0.25,0.1,0.2,0.15,0.1,0.2,0.37924863055785923,0.00034434513555162583
0.3,0.2,0.1,0.25,0.05,0.1,0.37924863055785923,0.00034434513555162583
0.3,0.2,0.1,0.2,0.1,0.1,0.37924863055785923,0.00034434513555162583
0.55,0.15,0.05,0.1,0.1,0.05,0.37924863055785923,0.00034434513555162583
0.3,0.1,0.2,0.15,0.1,0.15,0.37924863055785923,0.00034434513555162583
0.5,0.1,0.05,0.1,0.15,0.1,0.37924863055785923,0.00034434513555162583
0.25,0.1,0.1,0.1,0.2,0.25,0.37924863055785923,0.00034434513555162583
0.3,0.1,0.1,0.15,0.1,0.25,0.37924863055785923,0.00034434513555162583
0.25,0.2,0.1,0.25,0.05,0.15,0.37924863055785923,0.00034434513555162583
0.45,0.15,0.15,0.1,0.1,0.05,0.37924863055785923,0.00034434513555162583
0.45,0.15,0.15,0.1,0.05,0.1,0.37924863055785923,0.00034434513555162583
0.45,0.15,0.1,0.15,0.1,0.05,0.37924863055785923,0.00034434513555162583
0.3,0.2,0.2,0.2,0.05,0.05,0.37924863055785923,0.00034434513555162583
0.35,0.1,0.1,0.15,0.05,0.25,0.37924863055785923,0.00034434513555162583
0.45,0.15,0.15,0.15,0.05,0.05,0.37924863055785923,0.00034434513555162583
0.35,0.2,0.15,0.1,0.15,0.05,0.37924863055785923,0.00034434513555162583
0.35,0.2,0.15,0.15,0.05,0.1,0.37924863055785923,0.00034434513555162583
0.35,0.2,0.15,0.2,0.05,0.05,0.37924863055785923,0.00034434513555162583
0.35,0.2,0.15,0.15,0.1,0.05,0.37924863055785923,0.00034434513555162583
0.5,0.1,0.1,0.05,0.15,0.1,0.37924863055785923,0.00034434513555162583
0.35,0.1,0.15,0.1,0.15,0.15,0.37924863055785923,0.00034434513555162583
0.35,0.1,0.1,0.1,0.15,0.2,0.37924863055785923,0.00034434513555162583
0.4,0.15,0.15,0.15,0.05,0.1,0.37924863055785923,0.00034434513555162583
0.4,0.15,0.05,0.15,0.15,0.1,0.37924863055785923,0.00034434513555162583
0.35,0.15,0.15,0.2,0.1,0.05,0.37924863055785923,0.00034434513555162583
0.35,0.2,0.1,0.25,0.05,0.05,0.37924863055785923,0.00034434513555162583
0.35,0.2,0.05,0.25,0.05,0.1,0.37924863055785923,0.00034434513555162583
0.35,0.15,0.15,0.15,0.05,0.15,0.37924863055785923,0.00034434513555162583
0.35,0.15,0.15,0.15,0.1,0.1,0.37924863055785923,0.00034434513555162583
0.35,0.15,0.15,0.2,0.05,0.1,0.37924863055785923,0.00034434513555162583
0.35,0.15,0.15,0.15,0.15,0.05,0.37924863055785923,0.00034434513555162583
0.35,0.2,0.1,0.2,0.1,0.05,0.37924863055785923,0.00034434513555162583
0.35,0.15,0.25,0.15,0.05,0.05,0.37924863055785923,0.00034434513555162583
0.35,0.2,0.05,0.25,0.1,0.05,0.37924863055785923,0.00034434513555162583
0.4,0.1,0.25,0.1,0.1,0.05,0.37924863055785923,0.00034434513555162583
0.4,0.1,0.25,0.15,0.05,0.05,0.37924863055785923,0.00034434513555162583
0.4,0.15,0.2,0.1,0.1,0.05,0.37924863055785923,0.00034434513555162583
0.4,0.15,0.15,0.15,0.1,0.05,0.37924863055785923,0.00034434513555162583
0.4,0.1,0.15,0.1,0.15,0.1,0.37924863055785923,0.00034434513555162583
0.5,0.15,0.05,0.1,0.1,0.1,0.37924863055785923,0.00034434513555162583
0.5,0.15,0.05,0.15,0.05,0.1,0.37924863055785923,0.00034434513555162583
0.4,0.15,0.1,0.15,0.1,0.1,0.37924863055785923,0.00034434513555162583
0.4,0.15,0.1,0.15,0.05,0.15,0.37924863055785923,0.00034434513555162583
0.4,0.15,0.1,0.15,0.15,0.05,0.37924863055785923,0.00034434513555162583
0.2,0.05,0.35,0.2,0.05,0.15,0.37924863055785923,0.00034434513555162583
0.4,0.15,0.2,0.15,0.05,0.05,0.37924863055785923,0.00034434513555162583
0.5,0.15,0.05,0.15,0.1,0.05,0.37924863055785923,0.00034434513555162583
0.4,0.15,0.15,0.1,0.1,0.1,0.37924863055785923,0.00034434513555162583
0.4,0.1,0.2,0.1,0.1,0.1,0.37924863055785923,0.00034434513555162583
0.4,0.1,0.2,0.15,0.1,0.05,0.37924863055785923,0.00034434513555162583
0.4,0.2,0.1,0.2,0.05,0.05,0.37924863055785923,0.00034434513555162583
0.4,0.2,0.15,0.15,0.05,0.05,0.37924863055785923,0.00034434513555162583
0.2,0.15,0.3,0.2,0.05,0.1,0.37924863055785923,0.00034434513555162583
0.2,0.15,0.15,0.2,0.1,0.2,0.37924863055785923,0.00034434513555162583
0.45,0.05,0.1,0.05,0.15,0.2,0.37924863055785923,0.00034434513555162583
0.2,0.15,0.15,0.15,0.15,0.2,0.37924863055785923,0.00034434513555162583
0.35,0.05,0.35,0.15,0.05,0.05,0.37924863055785923,0.00034434513555162583
0.2,0.15,0.25,0.2,0.05,0.15,0.37924863055785923,0.00034434513555162583
0.25,0.2,0.2,0.2,0.05,0.1,0.37924863055785923,0.00034434513555162583
0.4,0.15,0.15,0.2,0.05,0.05,0.37924863055785923,0.00034434513555162583
0.4,0.1,0.1,0.1,0.1,0.2,0.37924863055785923,0.00034434513555162583
0.45,0.1,0.1,0.05,0.15,0.15,0.37924863055785923,0.00034434513555162583
0.2,0.15,0.2,0.25,0.05,0.15,0.37924863055785923,0.00034434513555162583
0.45,0.1,0.2,0.1,0.1,0.05,0.37924863055785923,0.00034434513555162583
0.25,0.05,0.35,0.2,0.05,0.1,0.37924863055785923,0.00034434513555162583
0.2,0.1,0.35,0.25,0.05,0.05,0.37924863055785923,0.00034434513555162583
0.45,0.1,0.1,0.1,0.05,0.2,0.37924863055785923,0.00034434513555162583
0.3,0.1,0.1,0.1,0.15,0.25,0.37924863055785923,0.00034434513555162583
0.25,0.2,0.15,0.2,0.05,0.15,0.37924863055785923,0.00034434513555162583
0.4,0.15,0.15,0.1,0.15,0.05,0.37924863055785923,0.00034434513555162583
0.35,0.05,0.15,0.05,0.35,0.05,0.37910176101544524,0.0003463263769345406
0.3,0.1,0.1,0.15,0.25,0.1,0.37910176101544524,0.0003463263769345406
0.2,0.05,0.35,0.2,0.1,0.1,0.37910176101544524,0.0003463263769345406
0.2,0.05,0.25,0.15,0.2,0.15,0.37910176101544524,0.0003463263769345406
0.35,0.1,0.1,0.1,0.25,0.1,0.37910176101544524,0.0003463263769345406
0.35,0.1,0.1,0.1,0.3,0.05,0.37910176101544524,0.0003463263769345406
0.5,0.1,0.05,0.05,0.25,0.05,0.37910176101544524,0.0003463263769345406
0.5,0.1,0.1,0.05,0.2,0.05,0.37910176101544524,0.0003463263769345406
0.3,0.1,0.15,0.1,0.2,0.15,0.37910176101544524,0.0003463263769345406
0.35,0.1,0.15,0.15,0.2,0.05,0.37910176101544524,0.0003463263769345406
0.35,0.1,0.1,0.15,0.25,0.05,0.37910176101544524,0.0003463263769345406
0.3,0.05,0.15,0.1,0.3,0.1,0.37910176101544524,0.0003463263769345406
0.55,0.1,0.05,0.05,0.2,0.05,0.37910176101544524,0.0003463263769345406
0.3,0.1,0.2,0.15,0.15,0.1,0.37910176101544524,0.0003463263769345406
0.25,0.1,0.1,0.1,0.25,0.2,0.37910176101544524,0.0003463263769345406
0.35,0.1,0.15,0.1,0.2,0.1,0.37910176101544524,0.0003463263769345406
0.5,0.1,0.05,0.05,0.2,0.1,0.37910176101544524,0.0003463263769345406
0.25,0.1,0.2,0.2,0.15,0.1,0.37910176101544524,0.0003463263769345406
0.25,0.1,0.2,0.15,0.15,0.15,0.37910176101544524,0.0003463263769345406
0.3,0.1,0.2,0.1,0.2,0.1,0.37910176101544524,0.0003463263769345406
0.35,0.1,0.15,0.05,0.3,0.05,0.37910176101544524,0.0003463263769345406
0.35,0.1,0.2,0.15,0.15,0.05,0.37910176101544524,0.0003463263769345406
0.35,0.1,0.2,0.1,0.2,0.05,0.37910176101544524,0.0003463263769345406
0.25,0.1,0.15,0.15,0.2,0.15,0.37910176101544524,0.0003463263769345406
0.35,0.1,0.15,0.1,0.25,0.05,0.37910176101544524,0.0003463263769345406
0.3,0.1,0.15,0.1,0.25,0.1,0.37910176101544524,0.0003463263769345406
0.3,0.1,0.2,0.15,0.2,0.05,0.37910176101544524,0.0003463263769345406
0.3,0.1,0.15,0.15,0.2,0.1,0.37910176101544524,0.0003463263769345406
0.25,0.1,0.15,0.1,0.25,0.15,0.37910176101544524,0.0003463263769345406
0.3,0.1,0.2,0.2,0.15,0.05,0.37910176101544524,0.0003463263769345406
0.35,0.1,0.1,0.05,0.3,0.1,0.37910176101544524,0.0003463263769345406
0.2,0.1,0.2,0.2,0.15,0.15,0.37910176101544524,0.0003463263769345406
0.35,0.15,0.15,0.1,0.2,0.05,0.37910176101544524,0.0003463263769345406
0.3,0.1,0.25,0.15,0.15,0.05,0.37910176101544524,0.0003463263769345406
0.3,0.1,0.25,0.2,0.1,0.05,0.37910176101544524,0.0003463263769345406
0.3,0.05,0.1,0.05,0.35,0.15,0.37910176101544524,0.0003463263769345406
0.35,0.15,0.1,0.2,0.15,0.05,0.37910176101544524,0.0003463263769345406
0.3,0.15,0.1,0.15,0.2,0.1,0.37910176101544524,0.0003463263769345406
0.2,0.1,0.15,0.15,0.2,0.2,0.37910176101544524,0.0003463263769345406
0.25,0.1,0.3,0.15,0.15,0.05,0.37910176101544524,0.0003463263769345406
0.3,0.15,0.15,0.1,0.2,0.1,0.37910176101544524,0.0003463263769345406
0.25,0.1,0.25,0.15,0.15,0.1,0.37910176101544524,0.0003463263769345406
0.35,0.1,0.25,0.1,0.15,0.05,0.37910176101544524,0.0003463263769345406
0.25,0.1,0.25,0.25,0.1,0.05,0.37910176101544524,0.0003463263769345406
0.25,0.1,0.3,0.2,0.1,0.05,0.37910176101544524,0.0003463263769345406
0.35,0.15,0.1,0.15,0.2,0.05,0.37910176101544524,0.0003463263769345406
0.2,0.1,0.3,0.2,0.1,0.1,0.37910176101544524,0.0003463263769345406
0.25,0.05,0.2,0.15,0.25,0.1,0.37910176101544524,0.0003463263769345406
0.3,0.05,0.35,0.15,0.1,0.05,0.37910176101544524,0.0003463263769345406
0.45,0.1,0.1,0.05,0.25,0.05,0.37910176101544524,0.0003463263769345406
0.25,0.05,0.25,0.15,0.2,0.1,0.37910176101544524,0.0003463263769345406
0.3,0.05,0.2,0.15,0.25,0.05,0.37910176101544524,0.0003463263769345406
0.25,0.05,0.35,0.2,0.1,0.05,0.37910176101544524,0.0003463263769345406
0.25,0.05,0.3,0.2,0.15,0.05,0.37910176101544524,0.0003463263769345406
0.45,0.1,0.15,0.05,0.2,0.05,0.37910176101544524,0.0003463263769345406
0.35,0.05,0.1,0.05,0.35,0.1,0.37910176101544524,0.0003463263769345406
0.35,0.1,0.05,0.1,0.3,0.1,0.37910176101544524,0.0003463263769345406
0.35,0.05,0.3,0.15,0.1,0.05,0.37910176101544524,0.0003463263769345406
0.2,0.05,0.3,0.2,0.15,0.1,0.37910176101544524,0.0003463263769345406
0.45,0.1,0.15,0.1,0.15,0.05,0.37910176101544524,0.0003463263769345406
0.25,0.05,0.4,0.2,0.05,0.05,0.37910176101544524,0.0003463263769345406
0.3,0.1,0.1,0.1,0.2,0.2,0.37910176101544524,0.0003463263769345406
0.3,0.1,0.1,0.1,0.25,0.15,0.37910176101544524,0.0003463263769345406
0.4,0.15,0.05,0.15,0.2,0.05,0.37910176101544524,0.0003463263769345406
0.4,0.1,0.2,0.1,0.15,0.05,0.37910176101544524,0.0003463263769345406
0.4,0.15,0.1,0.1,0.2,0.05,0.37910176101544524,0.0003463263769345406
0.3,0.05,0.25,0.1,0.25,0.05,0.37910176101544524,0.0003463263769345406
0.3,0.05,0.2,0.1,0.25,0.1,0.37910176101544524,0.0003463263769345406
0.35,0.05,0.15,0.05,0.3,0.1,0.37910176101544524,0.0003463263769345406
0.4,0.1,0.15,0.1,0.2,0.05,0.37910176101544524,0.0003463263769345406
0.25,0.05,0.15,0.1,0.3,0.15,0.37910176101544524,0.0003463263769345406
0.4,0.1,0.1,0.05,0.3,0.05,0.37910176101544524,0.0003463263769345406
0.4,0.1,0.1,0.05,0.25,0.1,0.37910176101544524,0.0003463263769345406
0.4,0.1,0.1,0.1,0.25,0.05,0.37910176101544524,0.0003463263769345406
0.3,0.05,0.3,0.15,0.15,0.05,0.37910176101544524,0.0003463263769345406
0.3,0.05,0.25,0.15,0.2,0.05,0.37910176101544524,0.0003463263769345406
0.3,0.05,0.35,0.2,0.05,0.05,0.37910176101544524,0.0003463263769345406
0.2,0.05,0.4,0.25,0.05,0.05,0.37910176101544524,0.0003463263769345406
0.2,0.05,0.4,0.2,0.1,0.05,0.37910176101544524,0.0003463263769345406
0.35,0.05,0.25,0.1,0.15,0.1,0.37910176101544524,0.0003463263769345406
0.35,0.05,0.25,0.1,0.2,0.05,0.37910176101544524,0.0003463263769345406
0.4,0.1,0.05,0.1,0.3,0.05,0.37910176101544524,0.0003463263769345406
0.35,0.05,0.2,0.1,0.25,0.05,0.37910176101544524,0.0003463263769345406
0.3,0.05,0.3,0.15,0.1,0.1,0.37910176101544524,0.0003463263769345406
0.25,0.05,0.3,0.15,0.15,0.1,0.37910176101544524,0.0003463263769345406
0.4,0.05,0.1,0.05,0.35,0.05,0.37910176101544524,0.0003463263769345406
0.25,0.05,0.3,0.15,0.2,0.05,0.37910176101544524,0.0003463263769345406
0.45,0.1,0.05,0.05,0.25,0.1,0.37910176101544524,0.0003463263769345406
0.4,0.05,0.15,0.05,0.3,0.05,0.37910176101544524,0.0003463263769345406
0.45,0.1,0.05,0.1,0.2,0.1,0.37910176101544524,0.0003463263769345406
0.4,0.05,0.2,0.05,0.25,0.05,0.37910176101544524,0.0003463263769345406
0.45,0.1,0.1,0.05,0.2,0.1,0.37910176101544524,0.0003463263769345406
0.4,0.1,0.15,0.05,0.25,0.05,0.37910176101544524,0.0003463263769345406
0.2,0.05,0.35,0.25,0.1,0.05,0.37910176101544524,0.0003463263769345406
0.35,0.05,0.15,0.1,0.3,0.05,0.37910176101544524,0.0003463263769345406
0.55,0.15,0.05,0.05,0.1,0.1,0.3764371278887904,0.00038413885965521275
0.55,0.15,0.1,0.05,0.1,0.05,0.3764371278887904,0.00038413885965521275
0.55,0.15,0.1,0.1,0.05,0.05,0.3764371278887904,0.00038413885965521275
0.6,0.2,0.05,0.05,0.05,0.05,0.3764371278887904,0.00038413885965521275
0.6,0.15,0.05,0.05,0.1,0.05,0.3764371278887904,0.00038413885965521275
0.6,0.15,0.1,0.05,0.05,0.05,0.3764371278887904,0.00038413885965521275
0.45,0.05,0.05,0.1,0.15,0.2,0.3762902583463764,0.0003863292396566423
0.4,0.1,0.05,0.2,0.05,0.2,0.3762902583463764,0.0003863292396566423
0.25,0.05,0.15,0.25,0.05,0.25,0.37614338880396236,0.0003885310721354638
0.4,0.1,0.05,0.2,0.1,0.15,0.37614338880396236,0.0003885310721354638
0.45,0.1,0.05,0.2,0.05,0.15,0.37614338880396236,0.0003885310721354638
0.25,0.05,0.1,0.3,0.05,0.25,0.37614338880396236,0.0003885310721354638
0.3,0.1,0.25,0.1,0.2,0.05,0.37540904109189216,0.0003997139155807684
0.2,0.1,0.25,0.15,0.15,0.15,0.37540904109189216,0.0003997139155807684
0.35,0.05,0.2,0.05,0.25,0.1,0.37540904109189216,0.0003997139155807684
0.35,0.05,0.2,0.05,0.3,0.05,0.37540904109189216,0.0003997139155807684
0.25,0.05,0.35,0.15,0.15,0.05,0.37540904109189216,0.0003997139155807684
0.25,0.05,0.25,0.1,0.25,0.1,0.37540904109189216,0.0003997139155807684
0.35,0.05,0.3,0.1,0.15,0.05,0.37540904109189216,0.0003997139155807684
0.3,0.05,0.25,0.05,0.3,0.05,0.37540904109189216,0.0003997139155807684
0.2,0.05,0.2,0.1,0.25,0.2,0.37540904109189216,0.0003997139155807684
0.4,0.1,0.15,0.05,0.2,0.1,0.37540904109189216,0.0003997139155807684
0.3,0.05,0.15,0.05,0.35,0.1,0.37540904109189216,0.0003997139155807684
0.3,0.05,0.15,0.05,0.3,0.15,0.37540904109189216,0.0003997139155807684
0.4,0.05,0.2,0.05,0.2,0.1,0.37540904109189216,0.0003997139155807684
0.3,0.05,0.2,0.05,0.3,0.1,0.37540904109189216,0.0003997139155807684
0.35,0.1,0.15,0.05,0.25,0.1,0.37540904109189216,0.0003997139155807684
0.3,0.1,0.15,0.05,0.3,0.1,0.37540904109189216,0.0003997139155807684
0.3,0.05,0.3,0.1,0.2,0.05,0.37540904109189216,0.0003997139155807684
0.35,0.1,0.2,0.05,0.25,0.05,0.37540904109189216,0.0003997139155807684
0.25,0.05,0.1,0.05,0.35,0.2,0.37540904109189216,0.0003997139155807684
0.35,0.15,0.15,0.05,0.25,0.05,0.37540904109189216,0.0003997139155807684
0.25,0.05,0.2,0.1,0.25,0.15,0.37540904109189216,0.0003997139155807684
0.3,0.05,0.25,0.1,0.2,0.1,0.37540904109189216,0.0003997139155807684
0.3,0.15,0.3,0.15,0.05,0.05,0.37215692979558124,0.0004528746439988421
0.5,0.15,0.15,0.05,0.1,0.05,0.37215692979558124,0.0004528746439988421
0.3,0.15,0.25,0.15,0.05,0.1,0.37215692979558124,0.0004528746439988421
0.45,0.1,0.1,0.05,0.1,0.2,0.37215692979558124,0.0004528746439988421
0.45,0.1,0.15,0.05,0.15,0.1,0.37215692979558124,0.0004528746439988421
0.2,0.1,0.35,0.2,0.05,0.1,0.37215692979558124,0.0004528746439988421
0.3,0.2,0.25,0.15,0.05,0.05,0.37215692979558124,0.0004528746439988421
0.3,0.2,0.2,0.15,0.05,0.1,0.37215692979558124,0.0004528746439988421
0.4,0.1,0.2,0.1,0.05,0.15,0.37215692979558124,0.0004528746439988421
0.25,0.1,0.25,0.15,0.1,0.15,0.37215692979558124,0.0004528746439988421
0.25,0.15,0.2,0.15,0.1,0.15,0.37215692979558124,0.0004528746439988421
0.3,0.1,0.25,0.15,0.05,0.15,0.37215692979558124,0.0004528746439988421
0.25,0.15,0.25,0.15,0.1,0.1,0.37215692979558124,0.0004528746439988421
0.35,0.15,0.15,0.1,0.1,0.15,0.37215692979558124,0.0004528746439988421
0.3,0.15,0.2,0.15,0.05,0.15,0.37215692979558124,0.0004528746439988421
0.35,0.1,0.1,0.1,0.1,0.25,0.37215692979558124,0.0004528746439988421
0.4,0.15,0.2,0.1,0.05,0.1,0.37215692979558124,0.0004528746439988421
0.3,0.15,0.15,0.1,0.15,0.15,0.37215692979558124,0.0004528746439988421
0.4,0.1,0.1,0.1,0.05,0.25,0.37215692979558124,0.0004528746439988421
0.45,0.15,0.2,0.1,0.05,0.05,0.37215692979558124,0.0004528746439988421
0.45,0.15,0.15,0.05,0.15,0.05,0.37215692979558124,0.0004528746439988421
0.3,0.1,0.15,0.1,0.15,0.2,0.37215692979558124,0.0004528746439988421
0.25,0.2,0.2,0.15,0.05,0.15,0.37215692979558124,0.0004528746439988421
0.4,0.2,0.2,0.1,0.05,0.05,0.37215692979558124,0.0004528746439988421
0.3,0.1,0.3,0.15,0.05,0.1,0.37215692979558124,0.0004528746439988421
0.45,0.05,0.1,0.05,0.1,0.25,0.37215692979558124,0.0004528746439988421
0.55,0.2,0.1,0.05,0.05,0.05,0.3693454271265124,0.0005039718616120266
0.55,0.15,0.1,0.05,0.05,0.1,0.3693454271265124,0.0005039718616120266
0.5,0.15,0.1,0.05,0.05,0.15,0.3693454271265124,0.0005039718616120266
0.3,0.1,0.25,0.1,0.1,0.15,0.3684642098720282,0.0005210416372073079
0.35,0.15,0.25,0.1,0.1,0.05,0.3684642098720282,0.0005210416372073079
0.35,0.15,0.25,0.1,0.05,0.1,0.3684642098720282,0.0005210416372073079
0.35,0.15,0.25,0.05,0.15,0.05,0.3684642098720282,0.0005210416372073079
0.35,0.15,0.25,0.05,0.1,0.1,0.3684642098720282,0.0005210416372073079
0.35,0.15,0.25,0.05,0.05,0.15,0.3684642098720282,0.0005210416372073079
0.35,0.15,0.2,0.05,0.15,0.1,0.3684642098720282,0.0005210416372073079
0.35,0.15,0.2,0.05,0.1,0.15,0.3684642098720282,0.0005210416372073079
0.35,0.15,0.3,0.1,0.05,0.05,0.3684642098720282,0.0005210416372073079
0.35,0.15,0.3,0.05,0.1,0.05,0.3684642098720282,0.0005210416372073079
0.35,0.1,0.2,0.05,0.15,0.15,0.3684642098720282,0.0005210416372073079
0.25,0.15,0.2,0.1,0.1,0.2,0.3684642098720282,0.0005210416372073079
0.3,0.1,0.4,0.1,0.05,0.05,0.3684642098720282,0.0005210416372073079
0.3,0.1,0.35,0.15,0.05,0.05,0.3684642098720282,0.0005210416372073079
0.25,0.15,0.25,0.15,0.05,0.15,0.3684642098720282,0.0005210416372073079
0.25,0.1,0.2,0.05,0.15,0.25,0.3684642098720282,0.0005210416372073079
0.3,0.05,0.3,0.1,0.1,0.15,0.3684642098720282,0.0005210416372073079
0.3,0.05,0.3,0.1,0.05,0.2,0.3684642098720282,0.0005210416372073079
0.3,0.05,0.3,0.05,0.1,0.2,0.3684642098720282,0.0005210416372073079
0.3,0.1,0.25,0.1,0.05,0.2,0.3684642098720282,0.0005210416372073079
0.35,0.15,0.2,0.1,0.1,0.1,0.3684642098720282,0.0005210416372073079
0.35,0.15,0.2,0.1,0.05,0.15,0.3684642098720282,0.0005210416372073079
0.35,0.15,0.2,0.05,0.2,0.05,0.3684642098720282,0.0005210416372073079
0.25,0.15,0.2,0.05,0.2,0.15,0.3684642098720282,0.0005210416372073079
0.3,0.1,0.3,0.1,0.1,0.1,0.3684642098720282,0.0005210416372073079
0.35,0.05,0.3,0.05,0.05,0.2,0.3684642098720282,0.0005210416372073079
0.35,0.05,0.25,0.05,0.1,0.2,0.3684642098720282,0.0005210416372073079
0.25,0.05,0.15,0.05,0.15,0.35,0.3684642098720282,0.0005210416372073079
0.35,0.05,0.15,0.05,0.1,0.3,0.3684642098720282,0.0005210416372073079
0.2,0.15,0.3,0.15,0.05,0.15,0.3684642098720282,0.0005210416372073079
0.2,0.15,0.3,0.1,0.1,0.15,0.3684642098720282,0.0005210416372073079
0.3,0.05,0.4,0.1,0.05,0.1,0.3684642098720282,0.0005210416372073079
0.3,0.05,0.35,0.05,0.1,0.15,0.3684642098720282,0.0005210416372073079
0.3,0.05,0.35,0.05,0.05,0.2,0.3684642098720282,0.0005210416372073079
0.2,0.05,0.4,0.15,0.05,0.15,0.3684642098720282,0.0005210416372073079
0.4,0.2,0.2,0.05,0.1,0.05,0.3684642098720282,0.0005210416372073079
0.4,0.15,0.2,0.05,0.15,0.05,0.3684642098720282,0.0005210416372073079
0.4,0.15,0.2,0.05,0.1,0.1,0.3684642098720282,0.0005210416372073079
0.4,0.15,0.2,0.05,0.05,0.15,0.3684642098720282,0.0005210416372073079
0.25,0.2,0.25,0.1,0.05,0.15,0.3684642098720282,0.0005210416372073079
0.3,0.05,0.45,0.1,0.05,0.05,0.3684642098720282,0.0005210416372073079
0.3,0.05,0.4,0.15,0.05,0.05,0.3684642098720282,0.0005210416372073079
0.25,0.15,0.2,0.1,0.15,0.15,0.3684642098720282,0.0005210416372073079
0.25,0.15,0.35,0.15,0.05,0.05,0.3684642098720282,0.0005210416372073079
0.25,0.15,0.35,0.1,0.05,0.1,0.3684642098720282,0.0005210416372073079
0.25,0.15,0.3,0.15,0.1,0.05,0.3684642098720282,0.0005210416372073079
0.25,0.15,0.3,0.15,0.05,0.1,0.3684642098720282,0.0005210416372073079
0.25,0.15,0.3,0.1,0.1,0.1,0.3684642098720282,0.0005210416372073079
0.3,0.05,0.35,0.15,0.05,0.1,0.3684642098720282,0.0005210416372073079
0.3,0.05,0.35,0.1,0.05,0.15,0.3684642098720282,0.0005210416372073079
0.2,0.15,0.25,0.15,0.1,0.15,0.3684642098720282,0.0005210416372073079
0.2,0.15,0.25,0.1,0.1,0.2,0.3684642098720282,0.0005210416372073079
0.35,0.05,0.3,0.05,0.1,0.15,0.3684642098720282,0.0005210416372073079
0.35,0.05,0.3,0.1,0.05,0.15,0.3684642098720282,0.0005210416372073079
0.25,0.2,0.3,0.1,0.05,0.1,0.3684642098720282,0.0005210416372073079
0.25,0.2,0.25,0.15,0.05,0.1,0.3684642098720282,0.0005210416372073079
0.25,0.2,0.25,0.1,0.1,0.1,0.3684642098720282,0.0005210416372073079
0.45,0.15,0.2,0.05,0.1,0.05,0.3684642098720282,0.0005210416372073079
0.45,0.15,0.2,0.05,0.05,0.1,0.3684642098720282,0.0005210416372073079
0.3,0.2,0.25,0.1,0.1,0.05,0.3684642098720282,0.0005210416372073079
0.3,0.2,0.25,0.1,0.05,0.1,0.3684642098720282,0.0005210416372073079
0.3,0.2,0.25,0.05,0.1,0.1,0.3684642098720282,0.0005210416372073079
0.3,0.2,0.25,0.05,0.05,0.15,0.3684642098720282,0.0005210416372073079
0.2,0.05,0.3,0.05,0.15,0.25,0.3684642098720282,0.0005210416372073079
0.2,0.05,0.15,0.05,0.2,0.35,0.3684642098720282,0.0005210416372073079
0.3,0.1,0.2,0.1,0.1,0.2,0.3684642098720282,0.0005210416372073079
0.25,0.15,0.25,0.05,0.1,0.2,0.3684642098720282,0.0005210416372073079
0.3,0.1,0.3,0.1,0.05,0.15,0.3684642098720282,0.0005210416372073079
0.3,0.1,0.2,0.1,0.15,0.15,0.3684642098720282,0.0005210416372073079
0.35,0.1,0.2,0.1,0.1,0.15,0.3684642098720282,0.0005210416372073079
0.35,0.1,0.2,0.1,0.05,0.2,0.3684642098720282,0.0005210416372073079
0.2,0.1,0.25,0.15,0.1,0.2,0.3684642098720282,0.0005210416372073079
0.2,0.1,0.25,0.1,0.15,0.2,0.3684642098720282,0.0005210416372073079
0.35,0.2,0.25,0.1,0.05,0.05,0.3684642098720282,0.0005210416372073079
0.35,0.1,0.1,0.05,0.15,0.25,0.3684642098720282,0.0005210416372073079
0.35,0.1,0.15,0.05,0.1,0.25,0.3684642098720282,0.0005210416372073079
0.3,0.1,0.3,0.05,0.15,0.1,0.3684642098720282,0.0005210416372073079
0.3,0.1,0.3,0.05,0.1,0.15,0.3684642098720282,0.0005210416372073079
0.4,0.1,0.1,0.05,0.15,0.2,0.3684642098720282,0.0005210416372073079
0.4,0.1,0.1,0.05,0.1,0.25,0.3684642098720282,0.0005210416372073079
0.2,0.1,0.2,0.1,0.15,0.25,0.3684642098720282,0.0005210416372073079
0.2,0.1,0.2,0.05,0.2,0.25,0.3684642098720282,0.0005210416372073079
0.2,0.1,0.2,0.05,0.15,0.3,0.3684642098720282,0.0005210416372073079
0.3,0.1,0.3,0.05,0.05,0.2,0.3684642098720282,0.0005210416372073079
0.35,0.1,0.25,0.05,0.05,0.2,0.3684642098720282,0.0005210416372073079
0.35,0.1,0.35,0.1,0.05,0.05,0.3684642098720282,0.0005210416372073079
0.35,0.1,0.35,0.05,0.1,0.05,0.3684642098720282,0.0005210416372073079
0.35,0.1,0.35,0.05,0.05,0.1,0.3684642098720282,0.0005210416372073079
0.35,0.1,0.3,0.1,0.1,0.05,0.3684642098720282,0.0005210416372073079
0.25,0.15,0.3,0.1,0.05,0.15,0.3684642098720282,0.0005210416372073079
0.35,0.05,0.3,0.1,0.1,0.1,0.3684642098720282,0.0005210416372073079
0.3,0.15,0.2,0.1,0.15,0.1,0.3684642098720282,0.0005210416372073079
0.3,0.15,0.2,0.1,0.1,0.15,0.3684642098720282,0.0005210416372073079
0.3,0.15,0.2,0.1,0.05,0.2,0.3684642098720282,0.0005210416372073079
0.3,0.15,0.2,0.05,0.2,0.1,0.3684642098720282,0.0005210416372073079
0.3,0.15,0.2,0.05,0.15,0.15,0.3684642098720282,0.0005210416372073079
0.2,0.1,0.2,0.15,0.1,0.25,0.3684642098720282,0.0005210416372073079
0.2,0.05,0.45,0.15,0.05,0.1,0.3684642098720282,0.0005210416372073079
0.3,0.1,0.2,0.05,0.15,0.2,0.3684642098720282,0.0005210416372073079
0.3,0.1,0.2,0.05,0.1,0.25,0.3684642098720282,0.0005210416372073079
0.2,0.1,0.25,0.05,0.15,0.25,0.3684642098720282,0.0005210416372073079
0.2,0.15,0.2,0.15,0.1,0.2,0.3684642098720282,0.0005210416372073079
0.2,0.15,0.2,0.1,0.15,0.2,0.3684642098720282,0.0005210416372073079
0.2,0.15,0.2,0.05,0.2,0.2,0.3684642098720282,0.0005210416372073079
0.35,0.1,0.3,0.1,0.05,0.1,0.3684642098720282,0.0005210416372073079
0.35,0.1,0.3,0.05,0.15,0.05,0.3684642098720282,0.0005210416372073079
0.2,0.05,0.25,0.05,0.15,0.3,0.3684642098720282,0.0005210416372073079
0.3,0.1,0.15,0.05,0.1,0.3,0.3684642098720282,0.0005210416372073079
0.2,0.1,0.3,0.15,0.1,0.15,0.3684642098720282,0.0005210416372073079
0.2,0.1,0.3,0.1,0.15,0.15,0.3684642098720282,0.0005210416372073079
0.2,0.1,0.3,0.1,0.1,0.2,0.3684642098720282,0.0005210416372073079
0.3,0.1,0.25,0.05,0.15,0.15,0.3684642098720282,0.0005210416372073079
0.3,0.1,0.25,0.05,0.1,0.2,0.3684642098720282,0.0005210416372073079
0.35,0.2,0.2,0.05,0.15,0.05,0.3684642098720282,0.0005210416372073079
0.3,0.25,0.25,0.1,0.05,0.05,0.3684642098720282,0.0005210416372073079
0.3,0.1,0.15,0.05,0.2,0.2,0.3684642098720282,0.0005210416372073079
0.25,0.1,0.25,0.1,0.1,0.2,0.3684642098720282,0.0005210416372073079
0.25,0.15,0.15,0.1,0.2,0.15,0.3684642098720282,0.0005210416372073079
0.3,0.1,0.35,0.1,0.1,0.05,0.3684642098720282,0.0005210416372073079
0.3,0.1,0.35,0.1,0.05,0.1,0.3684642098720282,0.0005210416372073079
0.2,0.15,0.35,0.15,0.05,0.1,0.3684642098720282,0.0005210416372073079
0.4,0.2,0.25,0.05,0.05,0.05,0.3684642098720282,0.0005210416372073079
0.3,0.05,0.25,0.05,0.15,0.2,0.3684642098720282,0.0005210416372073079
0.4,0.15,0.15,0.05,0.2,0.05,0.3684642098720282,0.0005210416372073079
0.4,0.15,0.3,0.05,0.05,0.05,0.3684642098720282,0.0005210416372073079
0.4,0.15,0.25,0.1,0.05,0.05,0.3684642098720282,0.0005210416372073079
0.4,0.15,0.25,0.05,0.1,0.05,0.3684642098720282,0.0005210416372073079
0.4,0.15,0.25,0.05,0.05,0.1,0.3684642098720282,0.0005210416372073079
0.4,0.1,0.15,0.05,0.15,0.15,0.3684642098720282,0.0005210416372073079
0.4,0.1,0.15,0.05,0.05,0.25,0.3684642098720282,0.0005210416372073079
0.4,0.1,0.25,0.1,0.05,0.1,0.3684642098720282,0.0005210416372073079
0.25,0.1,0.25,0.05,0.15,0.2,0.3684642098720282,0.0005210416372073079
0.25,0.1,0.25,0.05,0.1,0.25,0.3684642098720282,0.0005210416372073079
0.3,0.15,0.3,0.1,0.1,0.05,0.3684642098720282,0.0005210416372073079
0.3,0.15,0.3,0.1,0.05,0.1,0.3684642098720282,0.0005210416372073079
0.25,0.1,0.3,0.05,0.1,0.2,0.3684642098720282,0.0005210416372073079
0.25,0.1,0.25,0.1,0.15,0.15,0.3684642098720282,0.0005210416372073079
0.25,0.2,0.2,0.1,0.1,0.15,0.3684642098720282,0.0005210416372073079
0.2,0.1,0.35,0.1,0.1,0.15,0.3684642098720282,0.0005210416372073079
0.25,0.05,0.25,0.05,0.15,0.25,0.3684642098720282,0.0005210416372073079
0.25,0.05,0.3,0.05,0.15,0.2,0.3684642098720282,0.0005210416372073079
0.3,0.15,0.25,0.1,0.05,0.15,0.3684642098720282,0.0005210416372073079
0.3,0.15,0.25,0.05,0.15,0.1,0.3684642098720282,0.0005210416372073079
0.3,0.15,0.25,0.05,0.1,0.15,0.3684642098720282,0.0005210416372073079
0.25,0.1,0.3,0.1,0.1,0.15,0.3684642098720282,0.0005210416372073079
0.3,0.15,0.35,0.1,0.05,0.05,0.3684642098720282,0.0005210416372073079
0.25,0.05,0.35,0.15,0.05,0.15,0.3684642098720282,0.0005210416372073079
0.25,0.05,0.35,0.1,0.1,0.15,0.3684642098720282,0.0005210416372073079
0.25,0.05,0.35,0.1,0.05,0.2,0.3684642098720282,0.0005210416372073079
0.25,0.05,0.3,0.05,0.1,0.25,0.3684642098720282,0.0005210416372073079
0.45,0.1,0.1,0.05,0.05,0.25,0.3684642098720282,0.0005210416372073079
0.25,0.05,0.35,0.05,0.1,0.2,0.3684642098720282,0.0005210416372073079
0.2,0.05,0.35,0.1,0.1,0.2,0.3684642098720282,0.0005210416372073079
0.4,0.05,0.1,0.05,0.15,0.25,0.3684642098720282,0.0005210416372073079
0.3,0.15,0.3,0.05,0.05,0.15,0.3684642098720282,0.0005210416372073079
0.3,0.15,0.25,0.1,0.15,0.05,0.3684642098720282,0.0005210416372073079
0.2,0.05,0.3,0.15,0.1,0.2,0.3684642098720282,0.0005210416372073079
0.2,0.05,0.3,0.1,0.1,0.25,0.3684642098720282,0.0005210416372073079
0.35,0.05,0.35,0.05,0.1,0.1,0.3684642098720282,0.0005210416372073079
0.45,0.1,0.2,0.05,0.1,0.1,0.3684642098720282,0.0005210416372073079
0.2,0.1,0.4,0.2,0.05,0.05,0.3684642098720282,0.0005210416372073079
0.2,0.1,0.4,0.15,0.05,0.1,0.3684642098720282,0.0005210416372073079
0.2,0.1,0.35,0.15,0.1,0.1,0.3684642098720282,0.0005210416372073079
0.35,0.1,0.25,0.05,0.1,0.15,0.3684642098720282,0.0005210416372073079
0.35,0.2,0.25,0.05,0.1,0.05,0.3684642098720282,0.0005210416372073079
0.35,0.2,0.25,0.05,0.05,0.1,0.3684642098720282,0.0005210416372073079
0.3,0.15,0.25,0.1,0.1,0.1,0.3684642098720282,0.0005210416372073079
0.25,0.1,0.3,0.15,0.05,0.15,0.3684642098720282,0.0005210416372073079
0.2,0.1,0.35,0.15,0.05,0.15,0.3684642098720282,0.0005210416372073079
0.25,0.05,0.4,0.1,0.05,0.15,0.3684642098720282,0.0005210416372073079
0.45,0.1,0.15,0.05,0.1,0.15,0.3684642098720282,0.0005210416372073079
0.45,0.1,0.2,0.05,0.15,0.05,0.3684642098720282,0.0005210416372073079
0.25,0.1,0.4,0.15,0.05,0.05,0.3684642098720282,0.0005210416372073079
0.35,0.1,0.3,0.05,0.1,0.1,0.3684642098720282,0.0005210416372073079
0.35,0.1,0.3,0.05,0.05,0.15,0.3684642098720282,0.0005210416372073079
0.35,0.1,0.25,0.1,0.1,0.1,0.3684642098720282,0.0005210416372073079
0.35,0.1,0.25,0.1,0.05,0.15,0.3684642098720282,0.0005210416372073079
0.35,0.1,0.25,0.05,0.15,0.1,0.3684642098720282,0.0005210416372073079
0.25,0.05,0.4,0.15,0.05,0.1,0.3684642098720282,0.0005210416372073079
0.25,0.05,0.3,0.1,0.1,0.2,0.3684642098720282,0.0005210416372073079
0.25,0.1,0.35,0.15,0.1,0.05,0.3684642098720282,0.0005210416372073079
0.25,0.1,0.35,0.15,0.05,0.1,0.3684642098720282,0.0005210416372073079
0.25,0.15,0.25,0.1,0.15,0.1,0.3684642098720282,0.0005210416372073079
0.25,0.15,0.25,0.1,0.1,0.15,0.3684642098720282,0.0005210416372073079
0.25,0.15,0.25,0.05,0.15,0.15,0.3684642098720282,0.0005210416372073079
0.4,0.1,0.2,0.05,0.1,0.15,0.3684642098720282,0.0005210416372073079
0.4,0.1,0.2,0.05,0.05,0.2,0.3684642098720282,0.0005210416372073079
0.4,0.1,0.3,0.05,0.1,0.05,0.3684642098720282,0.0005210416372073079
0.35,0.2,0.2,0.1,0.1,0.05,0.3684642098720282,0.0005210416372073079
0.35,0.2,0.2,0.1,0.05,0.1,0.3684642098720282,0.0005210416372073079
0.25,0.1,0.25,0.15,0.05,0.2,0.3684642098720282,0.0005210416372073079
0.25,0.1,0.35,0.1,0.1,0.1,0.3684642098720282,0.0005210416372073079
0.25,0.1,0.35,0.1,0.05,0.15,0.3684642098720282,0.0005210416372073079
0.25,0.1,0.3,0.15,0.1,0.1,0.3684642098720282,0.0005210416372073079
0.4,0.1,0.25,0.05,0.15,0.05,0.3684642098720282,0.0005210416372073079
0.4,0.1,0.25,0.05,0.1,0.1,0.3684642098720282,0.0005210416372073079
0.4,0.1,0.25,0.05,0.05,0.15,0.3684642098720282,0.0005210416372073079
0.4,0.1,0.2,0.05,0.15,0.1,0.3684642098720282,0.0005210416372073079
0.35,0.1,0.2,0.05,0.1,0.2,0.3684642098720282,0.0005210416372073079
0.2,0.1,0.25,0.1,0.1,0.25,0.3684642098720282,0.0005210416372073079
0.25,0.1,0.15,0.1,0.15,0.25,0.3684642098720282,0.0005210416372073079
0.3,0.2,0.3,0.1,0.05,0.05,0.3684642098720282,0.0005210416372073079
0.3,0.2,0.2,0.1,0.1,0.1,0.3684642098720282,0.0005210416372073079
0.25,0.1,0.2,0.1,0.15,0.2,0.3684642098720282,0.0005210416372073079
0.25,0.1,0.2,0.1,0.1,0.25,0.3684642098720282,0.0005210416372073079
0.25,0.1,0.2,0.05,0.2,0.2,0.3684642098720282,0.0005210416372073079
0.35,0.15,0.3,0.05,0.05,0.1,0.3684642098720282,0.0005210416372073079
0.3,0.1,0.25,0.1,0.15,0.1,0.3683173403296141,0.0005239374905974518
0.35,0.1,0.2,0.05,0.2,0.1,0.3683173403296141,0.0005239374905974518
0.3,0.05,0.25,0.1,0.15,0.15,0.3683173403296141,0.0005239374905974518
0.35,0.05,0.2,0.05,0.2,0.15,0.3683173403296141,0.0005239374905974518
0.25,0.1,0.3,0.1,0.15,0.1,0.3683173403296141,0.0005239374905974518
0.25,0.1,0.35,0.1,0.15,0.05,0.3683173403296141,0.0005239374905974518
0.25,0.05,0.45,0.15,0.05,0.05,0.3683173403296141,0.0005239374905974518
0.35,0.1,0.25,0.05,0.2,0.05,0.3683173403296141,0.0005239374905974518
0.2,0.05,0.3,0.15,0.15,0.15,0.3683173403296141,0.0005239374905974518
0.2,0.05,0.3,0.1,0.2,0.15,0.3683173403296141,0.0005239374905974518
0.25,0.05,0.4,0.15,0.1,0.05,0.3683173403296141,0.0005239374905974518
0.25,0.05,0.4,0.1,0.1,0.1,0.3683173403296141,0.0005239374905974518
0.2,0.05,0.3,0.1,0.15,0.2,0.3683173403296141,0.0005239374905974518
0.35,0.05,0.1,0.05,0.2,0.25,0.3683173403296141,0.0005239374905974518
0.25,0.05,0.3,0.05,0.25,0.1,0.3683173403296141,0.0005239374905974518
0.3,0.15,0.25,0.05,0.2,0.05,0.3683173403296141,0.0005239374905974518
0.25,0.05,0.3,0.1,0.2,0.1,0.3683173403296141,0.0005239374905974518
0.25,0.05,0.3,0.1,0.15,0.15,0.3683173403296141,0.0005239374905974518
0.25,0.05,0.3,0.05,0.2,0.15,0.3683173403296141,0.0005239374905974518
0.25,0.05,0.35,0.15,0.1,0.1,0.3683173403296141,0.0005239374905974518
0.25,0.05,0.35,0.1,0.2,0.05,0.3683173403296141,0.0005239374905974518
0.25,0.05,0.35,0.1,0.15,0.1,0.3683173403296141,0.0005239374905974518
0.25,0.05,0.25,0.1,0.2,0.15,0.3683173403296141,0.0005239374905974518
0.25,0.05,0.3,0.15,0.1,0.15,0.3683173403296141,0.0005239374905974518
0.2,0.05,0.35,0.1,0.15,0.15,0.3683173403296141,0.0005239374905974518
0.4,0.05,0.25,0.05,0.15,0.1,0.3683173403296141,0.0005239374905974518
0.2,0.05,0.35,0.15,0.1,0.15,0.3683173403296141,0.0005239374905974518
0.2,0.05,0.35,0.1,0.2,0.1,0.3683173403296141,0.0005239374905974518
0.25,0.1,0.25,0.05,0.2,0.15,0.3683173403296141,0.0005239374905974518
0.25,0.05,0.25,0.05,0.3,0.1,0.3683173403296141,0.0005239374905974518
0.3,0.05,0.2,0.05,0.2,0.2,0.3683173403296141,0.0005239374905974518
0.3,0.05,0.2,0.05,0.25,0.15,0.3683173403296141,0.0005239374905974518
0.2,0.1,0.25,0.05,0.2,0.2,0.3683173403296141,0.0005239374905974518
0.2,0.05,0.25,0.1,0.2,0.2,0.3683173403296141,0.0005239374905974518
0.25,0.1,0.2,0.1,0.2,0.15,0.3683173403296141,0.0005239374905974518
0.25,0.05,0.25,0.1,0.15,0.2,0.3683173403296141,0.0005239374905974518
0.25,0.05,0.25,0.05,0.25,0.15,0.3683173403296141,0.0005239374905974518
0.25,0.05,0.25,0.05,0.2,0.2,0.3683173403296141,0.0005239374905974518
0.3,0.1,0.15,0.05,0.25,0.15,0.3683173403296141,0.0005239374905974518
0.2,0.05,0.2,0.05,0.3,0.2,0.3683173403296141,0.0005239374905974518
0.2,0.1,0.15,0.1,0.2,0.25,0.3683173403296141,0.0005239374905974518
0.2,0.05,0.2,0.05,0.25,0.25,0.3683173403296141,0.0005239374905974518
0.2,0.05,0.2,0.05,0.2,0.3,0.3683173403296141,0.0005239374905974518
0.25,0.05,0.2,0.05,0.2,0.25,0.3683173403296141,0.0005239374905974518
0.25,0.05,0.2,0.05,0.3,0.15,0.3683173403296141,0.0005239374905974518
0.25,0.05,0.2,0.05,0.25,0.2,0.3683173403296141,0.0005239374905974518
0.2,0.05,0.45,0.2,0.05,0.05,0.3683173403296141,0.0005239374905974518
0.2,0.05,0.45,0.15,0.1,0.05,0.3683173403296141,0.0005239374905974518
0.2,0.05,0.25,0.1,0.15,0.25,0.3683173403296141,0.0005239374905974518
0.3,0.1,0.2,0.05,0.25,0.1,0.3683173403296141,0.0005239374905974518
0.3,0.1,0.25,0.05,0.2,0.1,0.3683173403296141,0.0005239374905974518
0.25,0.1,0.25,0.1,0.2,0.1,0.3683173403296141,0.0005239374905974518
0.3,0.1,0.2,0.05,0.2,0.15,0.3683173403296141,0.0005239374905974518
0.2,0.05,0.3,0.05,0.2,0.2,0.3683173403296141,0.0005239374905974518
0.2,0.05,0.25,0.1,0.25,0.15,0.3683173403296141,0.0005239374905974518
0.2,0.05,0.15,0.05,0.3,0.25,0.3683173403296141,0.0005239374905974518
0.2,0.1,0.2,0.05,0.25,0.2,0.3683173403296141,0.0005239374905974518
0.35,0.05,0.3,0.05,0.2,0.05,0.3683173403296141,0.0005239374905974518
0.35,0.05,0.3,0.05,0.15,0.1,0.3683173403296141,0.0005239374905974518
0.2,0.1,0.2,0.1,0.2,0.2,0.3683173403296141,0.0005239374905974518
0.35,0.05,0.35,0.1,0.1,0.05,0.3683173403296141,0.0005239374905974518
0.35,0.05,0.35,0.05,0.15,0.05,0.3683173403296141,0.0005239374905974518
0.2,0.05,0.25,0.05,0.2,0.25,0.3683173403296141,0.0005239374905974518
0.2,0.05,0.25,0.05,0.25,0.2,0.3683173403296141,0.0005239374905974518
0.3,0.1,0.3,0.1,0.15,0.05,0.3683173403296141,0.0005239374905974518
0.3,0.05,0.3,0.1,0.15,0.1,0.3683173403296141,0.0005239374905974518
0.25,0.05,0.1,0.05,0.3,0.25,0.3683173403296141,0.0005239374905974518
0.3,0.05,0.1,0.05,0.25,0.25,0.3683173403296141,0.0005239374905974518
0.3,0.05,0.3,0.05,0.15,0.15,0.3683173403296141,0.0005239374905974518
0.3,0.1,0.25,0.05,0.25,0.05,0.3683173403296141,0.0005239374905974518
0.3,0.05,0.3,0.05,0.2,0.1,0.3683173403296141,0.0005239374905974518
0.3,0.05,0.3,0.05,0.25,0.05,0.3683173403296141,0.0005239374905974518
0.4,0.1,0.2,0.05,0.2,0.05,0.3683173403296141,0.0005239374905974518
0.25,0.1,0.15,0.05,0.25,0.2,0.3683173403296141,0.0005239374905974518
0.25,0.1,0.15,0.1,0.2,0.2,0.3683173403296141,0.0005239374905974518
0.3,0.05,0.4,0.1,0.1,0.05,0.3683173403296141,0.0005239374905974518
0.35,0.05,0.25,0.05,0.2,0.1,0.3683173403296141,0.0005239374905974518
0.35,0.05,0.25,0.05,0.25,0.05,0.3683173403296141,0.0005239374905974518
0.3,0.05,0.35,0.1,0.1,0.1,0.3683173403296141,0.0005239374905974518
0.3,0.05,0.35,0.1,0.15,0.05,0.3683173403296141,0.0005239374905974518
0.35,0.1,0.15,0.05,0.2,0.15,0.3683173403296141,0.0005239374905974518
0.2,0.05,0.4,0.15,0.15,0.05,0.3683173403296141,0.0005239374905974518
0.2,0.05,0.4,0.15,0.1,0.1,0.3683173403296141,0.0005239374905974518
0.25,0.05,0.15,0.05,0.3,0.2,0.3683173403296141,0.0005239374905974518
0.3,0.05,0.35,0.05,0.15,0.1,0.3683173403296141,0.0005239374905974518
0.35,0.05,0.25,0.05,0.15,0.15,0.3683173403296141,0.0005239374905974518
0.2,0.05,0.4,0.2,0.05,0.1,0.3683173403296141,0.0005239374905974518
0.2,0.1,0.25,0.1,0.2,0.15,0.3683173403296141,0.0005239374905974518
0.3,0.05,0.25,0.05,0.25,0.1,0.3683173403296141,0.0005239374905974518
0.3,0.05,0.25,0.05,0.2,0.15,0.3683173403296141,0.0005239374905974518
0.2,0.05,0.35,0.15,0.15,0.1,0.3683173403296141,0.0005239374905974518
0.25,0.1,0.2,0.05,0.25,0.15,0.3683173403296141,0.0005239374905974518
0.5,0.15,0.15,0.05,0.05,0.1,0.36565270720295934,0.0005790998475560098
0.25,0.15,0.15,0.35,0.05,0.05,0.36506522903330324,0.0005919543881969775
0.3,0.1,0.05,0.2,0.15,0.2,0.36506522903330324,0.0005919543881969775
0.2,0.2,0.05,0.4,0.1,0.05,0.36506522903330324,0.0005919543881969775
0.3,0.2,0.05,0.35,0.05,0.05,0.36506522903330324,0.0005919543881969775
0.25,0.15,0.05,0.3,0.05,0.2,0.36506522903330324,0.0005919543881969775
0.25,0.15,0.05,0.3,0.1,0.15,0.36506522903330324,0.0005919543881969775
0.2,0.15,0.1,0.3,0.1,0.15,0.36506522903330324,0.0005919543881969775
0.2,0.15,0.1,0.35,0.05,0.15,0.36506522903330324,0.0005919543881969775
0.25,0.15,0.05,0.25,0.1,0.2,0.36506522903330324,0.0005919543881969775
0.3,0.05,0.1,0.15,0.1,0.3,0.36506522903330324,0.0005919543881969775
0.35,0.15,0.05,0.25,0.05,0.15,0.36506522903330324,0.0005919543881969775
0.25,0.2,0.05,0.3,0.05,0.15,0.36506522903330324,0.0005919543881969775
0.25,0.2,0.05,0.35,0.05,0.1,0.36506522903330324,0.0005919543881969775
0.3,0.15,0.1,0.3,0.1,0.05,0.36506522903330324,0.0005919543881969775
0.2,0.15,0.15,0.4,0.05,0.05,0.36506522903330324,0.0005919543881969775
0.4,0.1,0.05,0.15,0.15,0.15,0.36506522903330324,0.0005919543881969775
0.2,0.15,0.15,0.35,0.05,0.1,0.36506522903330324,0.0005919543881969775
0.35,0.1,0.05,0.2,0.1,0.2,0.36506522903330324,0.0005919543881969775
0.25,0.15,0.1,0.3,0.1,0.1,0.36506522903330324,0.0005919543881969775
0.25,0.2,0.05,0.35,0.1,0.05,0.36506522903330324,0.0005919543881969775
0.2,0.2,0.1,0.4,0.05,0.05,0.36506522903330324,0.0005919543881969775
0.25,0.2,0.05,0.4,0.05,0.05,0.36506522903330324,0.0005919543881969775
0.25,0.05,0.1,0.15,0.15,0.3,0.36506522903330324,0.0005919543881969775
0.3,0.15,0.05,0.25,0.1,0.15,0.36506522903330324,0.0005919543881969775
0.3,0.15,0.05,0.3,0.05,0.15,0.36506522903330324,0.0005919543881969775
0.2,0.2,0.05,0.4,0.05,0.1,0.36506522903330324,0.0005919543881969775
0.2,0.2,0.05,0.35,0.1,0.1,0.36506522903330324,0.0005919543881969775
0.3,0.05,0.05,0.1,0.3,0.2,0.3649183594908892,0.0005952085038211293
0.35,0.1,0.05,0.15,0.3,0.05,0.3649183594908892,0.0005952085038211293
0.35,0.1,0.05,0.15,0.2,0.15,0.3649183594908892,0.0005952085038211293
0.25,0.1,0.1,0.25,0.2,0.1,0.3649183594908892,0.0005952085038211293
0.2,0.1,0.05,0.2,0.35,0.1,0.3649183594908892,0.0005952085038211293
0.25,0.1,0.15,0.25,0.2,0.05,0.3649183594908892,0.0005952085038211293
0.2,0.05,0.25,0.25,0.2,0.05,0.3649183594908892,0.0005952085038211293
0.25,0.1,0.1,0.2,0.25,0.1,0.3649183594908892,0.0005952085038211293
0.35,0.1,0.05,0.2,0.15,0.15,0.3649183594908892,0.0005952085038211293
0.2,0.1,0.2,0.3,0.15,0.05,0.3649183594908892,0.0005952085038211293
0.2,0.1,0.2,0.3,0.1,0.1,0.3649183594908892,0.0005952085038211293
0.2,0.1,0.1,0.2,0.25,0.15,0.3649183594908892,0.0005952085038211293
0.2,0.1,0.1,0.2,0.2,0.2,0.3649183594908892,0.0005952085038211293
0.2,0.1,0.1,0.25,0.2,0.15,0.3649183594908892,0.0005952085038211293
0.3,0.1,0.1,0.2,0.25,0.05,0.3649183594908892,0.0005952085038211293
0.2,0.05,0.2,0.2,0.25,0.1,0.3649183594908892,0.0005952085038211293
0.25,0.1,0.2,0.3,0.1,0.05,0.3649183594908892,0.0005952085038211293
0.2,0.1,0.25,0.35,0.05,0.05,0.3649183594908892,0.0005952085038211293
0.25,0.1,0.05,0.2,0.2,0.2,0.3649183594908892,0.0005952085038211293
0.25,0.1,0.05,0.2,0.3,0.1,0.3649183594908892,0.0005952085038211293
0.35,0.05,0.05,0.05,0.35,0.15,0.3649183594908892,0.0005952085038211293
0.3,0.1,0.05,0.2,0.25,0.1,0.3649183594908892,0.0005952085038211293
0.3,0.1,0.05,0.2,0.3,0.05,0.3649183594908892,0.0005952085038211293
0.2,0.1,0.05,0.2,0.2,0.25,0.3649183594908892,0.0005952085038211293
0.2,0.05,0.15,0.15,0.3,0.15,0.3649183594908892,0.0005952085038211293
0.25,0.1,0.05,0.2,0.35,0.05,0.3649183594908892,0.0005952085038211293
0.35,0.05,0.05,0.1,0.25,0.2,0.3649183594908892,0.0005952085038211293
0.3,0.05,0.15,0.15,0.3,0.05,0.3649183594908892,0.0005952085038211293
0.3,0.1,0.05,0.15,0.3,0.1,0.3649183594908892,0.0005952085038211293
0.3,0.1,0.05,0.2,0.2,0.15,0.3649183594908892,0.0005952085038211293
0.2,0.1,0.1,0.25,0.25,0.1,0.3649183594908892,0.0005952085038211293
0.2,0.1,0.1,0.25,0.3,0.05,0.3649183594908892,0.0005952085038211293
0.4,0.05,0.05,0.1,0.2,0.2,0.3649183594908892,0.0005952085038211293
0.2,0.05,0.3,0.3,0.1,0.05,0.3649183594908892,0.0005952085038211293
0.2,0.15,0.1,0.3,0.15,0.1,0.3649183594908892,0.0005952085038211293
0.25,0.15,0.05,0.3,0.2,0.05,0.3649183594908892,0.0005952085038211293
0.3,0.05,0.05,0.05,0.4,0.15,0.3649183594908892,0.0005952085038211293
0.3,0.05,0.05,0.1,0.35,0.15,0.3649183594908892,0.0005952085038211293
0.2,0.05,0.05,0.1,0.55,0.05,0.3649183594908892,0.0005952085038211293
0.2,0.05,0.05,0.15,0.25,0.3,0.3649183594908892,0.0005952085038211293
0.25,0.05,0.1,0.1,0.35,0.15,0.3649183594908892,0.0005952085038211293
0.3,0.15,0.05,0.3,0.15,0.05,0.3649183594908892,0.0005952085038211293
0.3,0.15,0.05,0.25,0.2,0.05,0.3649183594908892,0.0005952085038211293
0.25,0.05,0.05,0.1,0.5,0.05,0.3649183594908892,0.0005952085038211293
0.2,0.1,0.15,0.3,0.15,0.1,0.3649183594908892,0.0005952085038211293
0.2,0.1,0.15,0.25,0.2,0.1,0.3649183594908892,0.0005952085038211293
0.25,0.05,0.15,0.15,0.3,0.1,0.3649183594908892,0.0005952085038211293
0.25,0.05,0.05,0.1,0.35,0.2,0.3649183594908892,0.0005952085038211293
0.2,0.1,0.15,0.25,0.15,0.15,0.3649183594908892,0.0005952085038211293
0.25,0.15,0.1,0.35,0.1,0.05,0.3649183594908892,0.0005952085038211293
0.3,0.1,0.05,0.15,0.25,0.15,0.3649183594908892,0.0005952085038211293
0.25,0.15,0.1,0.3,0.15,0.05,0.3649183594908892,0.0005952085038211293
0.2,0.15,0.15,0.35,0.1,0.05,0.3649183594908892,0.0005952085038211293
0.25,0.05,0.2,0.2,0.25,0.05,0.3649183594908892,0.0005952085038211293
0.2,0.15,0.1,0.35,0.15,0.05,0.3649183594908892,0.0005952085038211293
0.2,0.15,0.1,0.35,0.1,0.1,0.3649183594908892,0.0005952085038211293
0.2,0.05,0.1,0.15,0.3,0.2,0.3649183594908892,0.0005952085038211293
0.2,0.05,0.1,0.15,0.35,0.15,0.3649183594908892,0.0005952085038211293
0.2,0.05,0.1,0.15,0.45,0.05,0.3649183594908892,0.0005952085038211293
0.25,0.15,0.05,0.25,0.2,0.1,0.3649183594908892,0.0005952085038211293
0.3,0.05,0.1,0.1,0.35,0.1,0.3649183594908892,0.0005952085038211293
0.25,0.15,0.05,0.3,0.15,0.1,0.3649183594908892,0.0005952085038211293
0.2,0.05,0.1,0.15,0.2,0.3,0.3649183594908892,0.0005952085038211293
0.2,0.15,0.05,0.3,0.2,0.1,0.3649183594908892,0.0005952085038211293
0.2,0.05,0.1,0.1,0.35,0.2,0.3649183594908892,0.0005952085038211293
0.2,0.05,0.05,0.15,0.5,0.05,0.3649183594908892,0.0005952085038211293
0.25,0.05,0.1,0.1,0.2,0.3,0.3649183594908892,0.0005952085038211293
0.55,0.15,0.05,0.05,0.05,0.15,0.36240059590664847,0.0006535963617011587
0.5,0.1,0.05,0.1,0.05,0.2,0.36240059590664847,0.0006535963617011587
0.55,0.1,0.05,0.05,0.1,0.15,0.36240059590664847,0.0006535963617011587
0.55,0.1,0.05,0.1,0.05,0.15,0.36240059590664847,0.0006535963617011587
0.2,0.05,0.05,0.35,0.15,0.2,0.36219078227462836,0.0006586906123775523
0.2,0.05,0.05,0.5,0.15,0.05,0.36219078227462836,0.0006586906123775523
0.2,0.05,0.05,0.5,0.1,0.1,0.36219078227462836,0.0006586906123775523
0.2,0.05,0.05,0.4,0.1,0.2,0.36219078227462836,0.0006586906123775523
0.2,0.05,0.05,0.35,0.1,0.25,0.36219078227462836,0.0006586906123775523
0.2,0.05,0.05,0.55,0.1,0.05,0.36219078227462836,0.0006586906123775523
0.2,0.05,0.05,0.45,0.1,0.15,0.36219078227462836,0.0006586906123775523
0.2,0.05,0.05,0.45,0.15,0.1,0.36219078227462836,0.0006586906123775523
0.2,0.05,0.05,0.55,0.05,0.1,0.36219078227462836,0.0006586906123775523
0.2,0.05,0.05,0.5,0.05,0.15,0.36219078227462836,0.0006586906123775523
0.2,0.05,0.05,0.6,0.05,0.05,0.36219078227462836,0.0006586906123775523
0.2,0.05,0.05,0.2,0.2,0.3,0.36219078227462836,0.0006586906123775523
0.2,0.05,0.05,0.25,0.2,0.25,0.36219078227462836,0.0006586906123775523
0.2,0.05,0.1,0.5,0.1,0.05,0.36219078227462836,0.0006586906123775523
0.2,0.05,0.1,0.2,0.15,0.3,0.36219078227462836,0.0006586906123775523
0.2,0.05,0.1,0.45,0.1,0.1,0.36219078227462836,0.0006586906123775523
0.2,0.05,0.1,0.5,0.05,0.1,0.36219078227462836,0.0006586906123775523
0.2,0.05,0.05,0.3,0.15,0.25,0.36219078227462836,0.0006586906123775523
0.2,0.05,0.1,0.55,0.05,0.05,0.36219078227462836,0.0006586906123775523
0.2,0.15,0.05,0.35,0.1,0.15,0.36195998727940637,0.0006643361309106472
0.2,0.15,0.05,0.4,0.05,0.15,0.36195998727940637,0.0006643361309106472
0.25,0.05,0.05,0.2,0.3,0.15,0.3618131177369923,0.0006679516921266642
0.2,0.05,0.05,0.2,0.3,0.2,0.3618131177369923,0.0006679516921266642
0.2,0.05,0.05,0.25,0.3,0.15,0.3618131177369923,0.0006679516921266642
0.2,0.05,0.05,0.25,0.25,0.2,0.3618131177369923,0.0006679516921266642
0.2,0.1,0.05,0.3,0.2,0.15,0.3618131177369923,0.0006679516921266642
0.2,0.1,0.05,0.45,0.05,0.15,0.3618131177369923,0.0006679516921266642
0.2,0.05,0.05,0.2,0.35,0.15,0.3618131177369923,0.0006679516921266642
0.2,0.1,0.05,0.4,0.1,0.15,0.3618131177369923,0.0006679516921266642
0.2,0.05,0.05,0.35,0.2,0.15,0.3618131177369923,0.0006679516921266642
0.2,0.1,0.05,0.35,0.15,0.15,0.3618131177369923,0.0006679516921266642
0.2,0.05,0.05,0.3,0.25,0.15,0.3618131177369923,0.0006679516921266642
0.25,0.1,0.05,0.25,0.2,0.15,0.3618131177369923,0.0006679516921266642
0.3,0.15,0.4,0.05,0.05,0.05,0.36137250910975016,0.0006789064000164037
0.2,0.05,0.35,0.05,0.1,0.25,0.36137250910975016,0.0006789064000164037
0.2,0.05,0.55,0.1,0.05,0.05,0.36137250910975016,0.0006789064000164037
0.2,0.05,0.6,0.05,0.05,0.05,0.36137250910975016,0.0006789064000164037
0.2,0.1,0.4,0.05,0.15,0.1,0.36137250910975016,0.0006789064000164037
0.25,0.05,0.55,0.05,0.05,0.05,0.36137250910975016,0.0006789064000164037
0.2,0.1,0.35,0.05,0.1,0.2,0.36137250910975016,0.0006789064000164037
0.25,0.1,0.3,0.05,0.15,0.15,0.36137250910975016,0.0006789064000164037
0.25,0.1,0.5,0.05,0.05,0.05,0.36137250910975016,0.0006789064000164037
0.2,0.1,0.45,0.1,0.05,0.1,0.36137250910975016,0.0006789064000164037
0.25,0.05,0.4,0.05,0.05,0.2,0.36137250910975016,0.0006789064000164037
0.25,0.1,0.45,0.05,0.05,0.1,0.36137250910975016,0.0006789064000164037
0.2,0.1,0.3,0.05,0.15,0.2,0.36137250910975016,0.0006789064000164037
0.25,0.15,0.4,0.05,0.1,0.05,0.36137250910975016,0.0006789064000164037
0.3,0.15,0.35,0.05,0.1,0.05,0.36137250910975016,0.0006789064000164037
0.3,0.15,0.35,0.05,0.05,0.1,0.36137250910975016,0.0006789064000164037
0.25,0.15,0.4,0.1,0.05,0.05,0.36137250910975016,0.0006789064000164037
0.25,0.15,0.45,0.05,0.05,0.05,0.36137250910975016,0.0006789064000164037
0.3,0.2,0.3,0.05,0.05,0.1,0.36137250910975016,0.0006789064000164037
0.3,0.2,0.3,0.05,0.1,0.05,0.36137250910975016,0.0006789064000164037
0.3,0.25,0.3,0.05,0.05,0.05,0.36137250910975016,0.0006789064000164037
0.35,0.2,0.3,0.05,0.05,0.05,0.36137250910975016,0.0006789064000164037
0.3,0.2,0.35,0.05,0.05,0.05,0.36137250910975016,0.0006789064000164037
0.35,0.15,0.35,0.05,0.05,0.05,0.36137250910975016,0.0006789064000164037
0.25,0.15,0.3,0.05,0.15,0.1,0.36137250910975016,0.0006789064000164037
0.2,0.15,0.4,0.05,0.1,0.1,0.36137250910975016,0.0006789064000164037
0.2,0.15,0.45,0.05,0.05,0.1,0.36137250910975016,0.0006789064000164037
0.2,0.15,0.4,0.1,0.05,0.1,0.36137250910975016,0.0006789064000164037
0.2,0.15,0.45,0.1,0.05,0.05,0.36137250910975016,0.0006789064000164037
0.2,0.05,0.4,0.1,0.1,0.15,0.36137250910975016,0.0006789064000164037
0.2,0.15,0.35,0.1,0.1,0.1,0.36137250910975016,0.0006789064000164037
0.2,0.05,0.4,0.05,0.1,0.2,0.36137250910975016,0.0006789064000164037
0.3,0.1,0.4,0.05,0.1,0.05,0.36137250910975016,0.0006789064000164037
0.3,0.1,0.45,0.05,0.05,0.05,0.36137250910975016,0.0006789064000164037
0.3,0.1,0.4,0.05,0.05,0.1,0.36137250910975016,0.0006789064000164037
0.25,0.2,0.35,0.1,0.05,0.05,0.36137250910975016,0.0006789064000164037
0.25,0.2,0.4,0.05,0.05,0.05,0.36137250910975016,0.0006789064000164037
0.3,0.05,0.4,0.05,0.1,0.1,0.36137250910975016,0.0006789064000164037
0.2,0.15,0.3,0.05,0.15,0.15,0.36137250910975016,0.0006789064000164037
0.2,0.15,0.3,0.05,0.1,0.2,0.36137250910975016,0.0006789064000164037
0.2,0.15,0.35,0.05,0.1,0.15,0.36137250910975016,0.0006789064000164037
0.3,0.1,0.35,0.05,0.1,0.1,0.36137250910975016,0.0006789064000164037
0.25,0.05,0.45,0.05,0.05,0.15,0.36137250910975016,0.0006789064000164037
0.25,0.05,0.5,0.1,0.05,0.05,0.36137250910975016,0.0006789064000164037
0.25,0.05,0.5,0.05,0.05,0.1,0.36137250910975016,0.0006789064000164037
0.25,0.05,0.45,0.1,0.05,0.1,0.36137250910975016,0.0006789064000164037
0.3,0.15,0.3,0.05,0.1,0.1,0.36137250910975016,0.0006789064000164037
0.25,0.05,0.45,0.05,0.1,0.1,0.36137250910975016,0.0006789064000164037
0.25,0.1,0.4,0.1,0.05,0.1,0.36137250910975016,0.0006789064000164037
0.25,0.1,0.4,0.1,0.1,0.05,0.36137250910975016,0.0006789064000164037
0.2,0.1,0.45,0.05,0.1,0.1,0.36137250910975016,0.0006789064000164037
0.2,0.1,0.45,0.05,0.05,0.15,0.36137250910975016,0.0006789064000164037
0.25,0.1,0.4,0.05,0.05,0.15,0.36137250910975016,0.0006789064000164037
0.25,0.1,0.4,0.05,0.1,0.1,0.36137250910975016,0.0006789064000164037
0.25,0.05,0.4,0.05,0.1,0.15,0.36137250910975016,0.0006789064000164037
0.3,0.15,0.3,0.05,0.15,0.05,0.36137250910975016,0.0006789064000164037
0.2,0.1,0.35,0.05,0.15,0.15,0.36137250910975016,0.0006789064000164037
0.25,0.1,0.35,0.05,0.1,0.15,0.36137250910975016,0.0006789064000164037
0.2,0.1,0.4,0.05,0.1,0.15,0.36137250910975016,0.0006789064000164037
0.25,0.1,0.35,0.05,0.15,0.1,0.36137250910975016,0.0006789064000164037
0.2,0.1,0.4,0.1,0.05,0.15,0.36137250910975016,0.0006789064000164037
0.2,0.1,0.4,0.1,0.1,0.1,0.36137250910975016,0.0006789064000164037
0.25,0.1,0.45,0.1,0.05,0.05,0.36137250910975016,0.0006789064000164037
0.25,0.1,0.45,0.05,0.1,0.05,0.36137250910975016,0.0006789064000164037
0.2,0.1,0.45,0.1,0.1,0.05,0.36137250910975016,0.0006789064000164037
0.2,0.1,0.45,0.15,0.05,0.05,0.36137250910975016,0.0006789064000164037
0.2,0.1,0.5,0.05,0.1,0.05,0.36137250910975016,0.0006789064000164037
0.2,0.1,0.5,0.05,0.05,0.1,0.36137250910975016,0.0006789064000164037
0.2,0.1,0.5,0.1,0.05,0.05,0.36137250910975016,0.0006789064000164037
0.2,0.1,0.55,0.05,0.05,0.05,0.36137250910975016,0.0006789064000164037
0.25,0.15,0.4,0.05,0.05,0.1,0.36137250910975016,0.0006789064000164037
0.25,0.15,0.35,0.1,0.1,0.05,0.36137250910975016,0.0006789064000164037
0.3,0.05,0.4,0.05,0.05,0.15,0.36137250910975016,0.0006789064000164037
0.25,0.15,0.35,0.05,0.05,0.15,0.36137250910975016,0.0006789064000164037
0.2,0.05,0.45,0.05,0.1,0.15,0.36137250910975016,0.0006789064000164037
0.25,0.15,0.35,0.05,0.1,0.1,0.36137250910975016,0.0006789064000164037
0.25,0.2,0.3,0.05,0.1,0.1,0.36137250910975016,0.0006789064000164037
0.2,0.15,0.25,0.05,0.15,0.2,0.36137250910975016,0.0006789064000164037
0.2,0.05,0.45,0.1,0.05,0.15,0.36137250910975016,0.0006789064000164037
0.2,0.2,0.3,0.05,0.1,0.15,0.36137250910975016,0.0006789064000164037
0.2,0.05,0.5,0.05,0.1,0.1,0.36137250910975016,0.0006789064000164037
0.2,0.05,0.5,0.05,0.05,0.15,0.36137250910975016,0.0006789064000164037
0.2,0.05,0.5,0.1,0.05,0.1,0.36137250910975016,0.0006789064000164037
0.25,0.2,0.25,0.05,0.1,0.15,0.36137250910975016,0.0006789064000164037
0.25,0.2,0.35,0.05,0.05,0.1,0.36137250910975016,0.0006789064000164037
0.2,0.2,0.4,0.05,0.05,0.1,0.36137250910975016,0.0006789064000164037
0.2,0.05,0.55,0.05,0.05,0.1,0.36137250910975016,0.0006789064000164037
0.25,0.15,0.3,0.05,0.1,0.15,0.36137250910975016,0.0006789064000164037
0.2,0.15,0.5,0.05,0.05,0.05,0.36137250910975016,0.0006789064000164037
0.3,0.1,0.35,0.05,0.05,0.15,0.36137250910975016,0.0006789064000164037
0.2,0.05,0.35,0.05,0.2,0.15,0.36122563956733605,0.0006825942436524456
0.2,0.05,0.35,0.05,0.15,0.2,0.36122563956733605,0.0006825942436524456
0.25,0.05,0.45,0.1,0.1,0.05,0.36122563956733605,0.0006825942436524456
0.25,0.05,0.5,0.05,0.1,0.05,0.36122563956733605,0.0006825942436524456
0.25,0.05,0.45,0.05,0.15,0.05,0.36122563956733605,0.0006825942436524456
0.25,0.05,0.4,0.1,0.15,0.05,0.36122563956733605,0.0006825942436524456
0.25,0.1,0.4,0.05,0.15,0.05,0.36122563956733605,0.0006825942436524456
0.25,0.05,0.35,0.05,0.15,0.15,0.36122563956733605,0.0006825942436524456
0.25,0.05,0.35,0.05,0.2,0.1,0.36122563956733605,0.0006825942436524456
0.25,0.05,0.4,0.05,0.2,0.05,0.36122563956733605,0.0006825942436524456
0.25,0.1,0.35,0.05,0.2,0.05,0.36122563956733605,0.0006825942436524456
0.2,0.1,0.35,0.1,0.15,0.1,0.36122563956733605,0.0006825942436524456
0.2,0.1,0.3,0.05,0.2,0.15,0.36122563956733605,0.0006825942436524456
0.25,0.1,0.3,0.05,0.2,0.1,0.36122563956733605,0.0006825942436524456
0.2,0.05,0.3,0.05,0.25,0.15,0.36122563956733605,0.0006825942436524456
0.2,0.05,0.55,0.05,0.1,0.05,0.36122563956733605,0.0006825942436524456
0.25,0.05,0.4,0.05,0.15,0.1,0.36122563956733605,0.0006825942436524456
0.25,0.05,0.35,0.05,0.25,0.05,0.36122563956733605,0.0006825942436524456
0.2,0.05,0.4,0.1,0.15,0.1,0.36122563956733605,0.0006825942436524456
0.3,0.1,0.3,0.05,0.2,0.05,0.36122563956733605,0.0006825942436524456
0.3,0.05,0.4,0.05,0.15,0.05,0.36122563956733605,0.0006825942436524456
0.2,0.05,0.45,0.05,0.2,0.05,0.36122563956733605,0.0006825942436524456
0.2,0.05,0.45,0.1,0.1,0.1,0.36122563956733605,0.0006825942436524456
0.2,0.05,0.5,0.05,0.15,0.05,0.36122563956733605,0.0006825942436524456
0.2,0.05,0.5,0.15,0.05,0.05,0.36122563956733605,0.0006825942436524456
0.2,0.05,0.45,0.05,0.15,0.1,0.36122563956733605,0.0006825942436524456
0.3,0.05,0.45,0.05,0.1,0.05,0.36122563956733605,0.0006825942436524456
0.2,0.05,0.45,0.1,0.15,0.05,0.36122563956733605,0.0006825942436524456
0.2,0.05,0.5,0.1,0.1,0.05,0.36122563956733605,0.0006825942436524456
0.3,0.1,0.35,0.05,0.15,0.05,0.36122563956733605,0.0006825942436524456
0.2,0.05,0.1,0.1,0.25,0.3,0.36122563956733605,0.0006825942436524456
0.3,0.05,0.35,0.05,0.2,0.05,0.36122563956733605,0.0006825942436524456
0.2,0.05,0.4,0.05,0.15,0.15,0.36122563956733605,0.0006825942436524456
0.2,0.05,0.4,0.05,0.2,0.1,0.36122563956733605,0.0006825942436524456
0.35,0.2,0.05,0.2,0.1,0.1,0.3579735282710252,0.0007690838532303378
0.35,0.2,0.05,0.15,0.15,0.1,0.3579735282710252,0.0007690838532303378
0.3,0.15,0.1,0.1,0.2,0.15,0.3579735282710252,0.0007690838532303378
0.35,0.2,0.05,0.1,0.2,0.1,0.3579735282710252,0.0007690838532303378
0.45,0.25,0.05,0.1,0.1,0.05,0.3579735282710252,0.0007690838532303378
0.3,0.15,0.1,0.15,0.1,0.2,0.3579735282710252,0.0007690838532303378
0.25,0.15,0.1,0.15,0.15,0.2,0.3579735282710252,0.0007690838532303378
0.25,0.15,0.1,0.15,0.1,0.25,0.3579735282710252,0.0007690838532303378
0.45,0.3,0.05,0.1,0.05,0.05,0.3579735282710252,0.0007690838532303378
0.45,0.25,0.05,0.15,0.05,0.05,0.3579735282710252,0.0007690838532303378
0.35,0.2,0.1,0.2,0.05,0.1,0.3579735282710252,0.0007690838532303378
0.55,0.2,0.05,0.05,0.1,0.05,0.3579735282710252,0.0007690838532303378
0.35,0.2,0.1,0.15,0.15,0.05,0.3579735282710252,0.0007690838532303378
0.35,0.2,0.1,0.15,0.1,0.1,0.3579735282710252,0.0007690838532303378
0.35,0.2,0.1,0.15,0.05,0.15,0.3579735282710252,0.0007690838532303378
0.35,0.2,0.1,0.1,0.15,0.1,0.3579735282710252,0.0007690838532303378
0.45,0.2,0.05,0.05,0.2,0.05,0.3579735282710252,0.0007690838532303378
0.45,0.25,0.1,0.1,0.05,0.05,0.3579735282710252,0.0007690838532303378
0.45,0.2,0.05,0.05,0.15,0.1,0.3579735282710252,0.0007690838532303378
0.55,0.2,0.05,0.1,0.05,0.05,0.3579735282710252,0.0007690838532303378
0.45,0.2,0.05,0.2,0.05,0.05,0.3579735282710252,0.0007690838532303378
0.35,0.25,0.1,0.2,0.05,0.05,0.3579735282710252,0.0007690838532303378
0.35,0.25,0.1,0.15,0.1,0.05,0.3579735282710252,0.0007690838532303378
0.3,0.2,0.1,0.2,0.05,0.15,0.3579735282710252,0.0007690838532303378
0.35,0.25,0.05,0.15,0.1,0.1,0.3579735282710252,0.0007690838532303378
0.35,0.25,0.05,0.2,0.05,0.1,0.3579735282710252,0.0007690838532303378
0.55,0.15,0.05,0.05,0.15,0.05,0.3579735282710252,0.0007690838532303378
0.3,0.2,0.1,0.15,0.1,0.15,0.3579735282710252,0.0007690838532303378
0.25,0.2,0.1,0.15,0.1,0.2,0.3579735282710252,0.0007690838532303378
0.35,0.25,0.05,0.1,0.15,0.1,0.3579735282710252,0.0007690838532303378
0.45,0.2,0.05,0.1,0.15,0.05,0.3579735282710252,0.0007690838532303378
0.45,0.2,0.05,0.1,0.1,0.1,0.3579735282710252,0.0007690838532303378
0.45,0.2,0.1,0.1,0.05,0.1,0.3579735282710252,0.0007690838532303378
0.35,0.25,0.1,0.15,0.05,0.1,0.3579735282710252,0.0007690838532303378
0.45,0.2,0.05,0.15,0.1,0.05,0.3579735282710252,0.0007690838532303378
0.45,0.2,0.05,0.15,0.05,0.1,0.3579735282710252,0.0007690838532303378
0.35,0.3,0.05,0.15,0.05,0.1,0.3579735282710252,0.0007690838532303378
0.35,0.25,0.05,0.25,0.05,0.05,0.3579735282710252,0.0007690838532303378
0.4,0.15,0.1,0.1,0.15,0.1,0.3579735282710252,0.0007690838532303378
0.4,0.3,0.05,0.1,0.1,0.05,0.3579735282710252,0.0007690838532303378
0.4,0.2,0.05,0.2,0.1,0.05,0.3579735282710252,0.0007690838532303378
0.4,0.2,0.05,0.05,0.2,0.1,0.3579735282710252,0.0007690838532303378
0.4,0.2,0.05,0.2,0.05,0.1,0.3579735282710252,0.0007690838532303378
0.4,0.2,0.05,0.15,0.15,0.05,0.3579735282710252,0.0007690838532303378
0.4,0.2,0.05,0.1,0.2,0.05,0.3579735282710252,0.0007690838532303378
0.4,0.2,0.05,0.15,0.1,0.1,0.3579735282710252,0.0007690838532303378
0.2,0.15,0.1,0.15,0.15,0.25,0.3579735282710252,0.0007690838532303378
0.45,0.15,0.1,0.05,0.15,0.1,0.3579735282710252,0.0007690838532303378
0.45,0.15,0.05,0.05,0.2,0.1,0.3579735282710252,0.0007690838532303378
0.45,0.15,0.05,0.1,0.15,0.1,0.3579735282710252,0.0007690838532303378
0.5,0.15,0.05,0.05,0.2,0.05,0.3579735282710252,0.0007690838532303378
0.5,0.2,0.1,0.1,0.05,0.05,0.3579735282710252,0.0007690838532303378
0.3,0.25,0.1,0.2,0.05,0.1,0.3579735282710252,0.0007690838532303378
0.5,0.15,0.05,0.1,0.15,0.05,0.3579735282710252,0.0007690838532303378
0.5,0.25,0.05,0.1,0.05,0.05,0.3579735282710252,0.0007690838532303378
0.45,0.15,0.1,0.1,0.1,0.1,0.3579735282710252,0.0007690838532303378
0.5,0.2,0.05,0.05,0.15,0.05,0.3579735282710252,0.0007690838532303378
0.5,0.2,0.05,0.1,0.05,0.1,0.3579735282710252,0.0007690838532303378
0.5,0.2,0.05,0.1,0.1,0.05,0.3579735282710252,0.0007690838532303378
0.5,0.2,0.05,0.15,0.05,0.05,0.3579735282710252,0.0007690838532303378
0.45,0.15,0.1,0.05,0.2,0.05,0.3579735282710252,0.0007690838532303378
0.45,0.15,0.1,0.1,0.05,0.15,0.3579735282710252,0.0007690838532303378
0.35,0.25,0.15,0.15,0.05,0.05,0.3579735282710252,0.0007690838532303378
0.45,0.2,0.1,0.1,0.1,0.05,0.3579735282710252,0.0007690838532303378
0.4,0.15,0.1,0.1,0.1,0.15,0.3579735282710252,0.0007690838532303378
0.4,0.15,0.1,0.05,0.2,0.1,0.3579735282710252,0.0007690838532303378
0.5,0.15,0.05,0.05,0.15,0.1,0.3579735282710252,0.0007690838532303378
0.4,0.15,0.05,0.1,0.2,0.1,0.3579735282710252,0.0007690838532303378
0.4,0.25,0.1,0.1,0.1,0.05,0.3579735282710252,0.0007690838532303378
0.5,0.15,0.1,0.1,0.1,0.05,0.3579735282710252,0.0007690838532303378
0.4,0.2,0.05,0.05,0.25,0.05,0.3579735282710252,0.0007690838532303378
0.4,0.2,0.05,0.1,0.15,0.1,0.3579735282710252,0.0007690838532303378
0.35,0.15,0.1,0.1,0.15,0.15,0.3579735282710252,0.0007690838532303378
0.35,0.15,0.1,0.1,0.2,0.1,0.3579735282710252,0.0007690838532303378
0.35,0.15,0.1,0.15,0.1,0.15,0.3579735282710252,0.0007690838532303378
0.4,0.25,0.05,0.2,0.05,0.05,0.3579735282710252,0.0007690838532303378
0.4,0.25,0.1,0.15,0.05,0.05,0.3579735282710252,0.0007690838532303378
0.45,0.2,0.1,0.15,0.05,0.05,0.3579735282710252,0.0007690838532303378
0.45,0.25,0.05,0.1,0.05,0.1,0.3579735282710252,0.0007690838532303378
0.45,0.2,0.15,0.1,0.05,0.05,0.3579735282710252,0.0007690838532303378
0.4,0.25,0.05,0.1,0.1,0.1,0.3579735282710252,0.0007690838532303378
0.4,0.25,0.05,0.1,0.15,0.05,0.3579735282710252,0.0007690838532303378
0.4,0.25,0.05,0.15,0.05,0.1,0.3579735282710252,0.0007690838532303378
0.4,0.25,0.05,0.15,0.1,0.05,0.3579735282710252,0.0007690838532303378
0.4,0.2,0.1,0.15,0.05,0.1,0.3579735282710252,0.0007690838532303378
0.4,0.2,0.1,0.1,0.15,0.05,0.3579735282710252,0.0007690838532303378
0.4,0.2,0.1,0.1,0.1,0.1,0.3579735282710252,0.0007690838532303378
0.4,0.3,0.05,0.15,0.05,0.05,0.3579735282710252,0.0007690838532303378
0.5,0.15,0.1,0.05,0.15,0.05,0.3579735282710252,0.0007690838532303378
0.5,0.15,0.1,0.1,0.05,0.1,0.3579735282710252,0.0007690838532303378
0.4,0.2,0.1,0.15,0.1,0.05,0.3579735282710252,0.0007690838532303378
0.4,0.2,0.15,0.1,0.1,0.05,0.3579735282710252,0.0007690838532303378
0.45,0.15,0.05,0.05,0.25,0.05,0.35782665872861114,0.000773215806090781
0.4,0.15,0.1,0.05,0.25,0.05,0.35782665872861114,0.000773215806090781
0.4,0.15,0.05,0.05,0.3,0.05,0.35782665872861114,0.000773215806090781
0.4,0.1,0.05,0.05,0.3,0.1,0.35782665872861114,0.000773215806090781
0.35,0.15,0.05,0.05,0.3,0.1,0.35782665872861114,0.000773215806090781
0.35,0.15,0.05,0.15,0.2,0.1,0.35782665872861114,0.000773215806090781
0.45,0.1,0.05,0.05,0.3,0.05,0.35782665872861114,0.000773215806090781
0.4,0.15,0.05,0.1,0.25,0.05,0.35782665872861114,0.000773215806090781
0.4,0.15,0.05,0.05,0.25,0.1,0.35782665872861114,0.000773215806090781
0.45,0.15,0.05,0.1,0.2,0.05,0.35782665872861114,0.000773215806090781
0.35,0.15,0.1,0.05,0.25,0.1,0.35782665872861114,0.000773215806090781
0.35,0.15,0.05,0.1,0.25,0.1,0.35782665872861114,0.000773215806090781
0.4,0.1,0.1,0.05,0.2,0.15,0.35782665872861114,0.000773215806090781
0.35,0.1,0.1,0.05,0.25,0.15,0.35782665872861114,0.000773215806090781
0.4,0.1,0.05,0.05,0.35,0.05,0.35782665872861114,0.000773215806090781
0.35,0.1,0.05,0.05,0.35,0.1,0.35782665872861114,0.000773215806090781
0.55,0.1,0.05,0.05,0.05,0.2,0.35530889514437036,0.0008472687109316478
0.35,0.1,0.05,0.2,0.05,0.25,0.3550151560595423,0.0008563162052174582
0.2,0.1,0.1,0.1,0.25,0.25,0.35413393880505806,0.0008839889321636513
0.3,0.1,0.1,0.05,0.3,0.15,0.35413393880505806,0.0008839889321636513
0.4,0.15,0.1,0.1,0.05,0.2,0.35088182750874714,0.0009933029569889212
0.25,0.2,0.15,0.15,0.1,0.15,0.35088182750874714,0.0009933029569889212
0.45,0.2,0.1,0.05,0.15,0.05,0.35088182750874714,0.0009933029569889212
0.45,0.2,0.1,0.05,0.1,0.1,0.35088182750874714,0.0009933029569889212
0.35,0.3,0.05,0.1,0.1,0.1,0.35088182750874714,0.0009933029569889212
0.3,0.2,0.15,0.1,0.15,0.1,0.35088182750874714,0.0009933029569889212
0.35,0.2,0.1,0.1,0.05,0.2,0.35088182750874714,0.0009933029569889212
0.3,0.15,0.1,0.1,0.15,0.2,0.35088182750874714,0.0009933029569889212
0.25,0.15,0.1,0.1,0.2,0.2,0.35088182750874714,0.0009933029569889212
0.35,0.2,0.1,0.1,0.1,0.15,0.35088182750874714,0.0009933029569889212
0.35,0.2,0.15,0.1,0.1,0.1,0.35088182750874714,0.0009933029569889212
0.45,0.3,0.05,0.05,0.1,0.05,0.35088182750874714,0.0009933029569889212
0.55,0.25,0.05,0.05,0.05,0.05,0.35088182750874714,0.0009933029569889212
0.45,0.25,0.1,0.05,0.1,0.05,0.35088182750874714,0.0009933029569889212
0.35,0.25,0.1,0.1,0.05,0.15,0.35088182750874714,0.0009933029569889212
0.3,0.2,0.1,0.1,0.15,0.15,0.35088182750874714,0.0009933029569889212
0.35,0.15,0.1,0.1,0.1,0.2,0.35088182750874714,0.0009933029569889212
0.45,0.25,0.05,0.05,0.15,0.05,0.35088182750874714,0.0009933029569889212
0.45,0.25,0.05,0.05,0.1,0.1,0.35088182750874714,0.0009933029569889212
0.4,0.25,0.1,0.1,0.05,0.1,0.35088182750874714,0.0009933029569889212
0.55,0.2,0.05,0.05,0.05,0.1,0.35088182750874714,0.0009933029569889212
0.5,0.2,0.05,0.05,0.1,0.1,0.35088182750874714,0.0009933029569889212
0.4,0.3,0.05,0.1,0.05,0.1,0.35088182750874714,0.0009933029569889212
0.4,0.25,0.15,0.1,0.05,0.05,0.35088182750874714,0.0009933029569889212
0.5,0.25,0.05,0.05,0.1,0.05,0.35088182750874714,0.0009933029569889212
0.5,0.2,0.1,0.05,0.1,0.05,0.35088182750874714,0.0009933029569889212
0.3,0.25,0.1,0.15,0.05,0.15,0.35088182750874714,0.0009933029569889212
0.5,0.2,0.1,0.05,0.05,0.1,0.35088182750874714,0.0009933029569889212
0.45,0.15,0.1,0.05,0.1,0.15,0.35088182750874714,0.0009933029569889212
0.4,0.15,0.15,0.1,0.05,0.15,0.35088182750874714,0.0009933029569889212
0.4,0.2,0.1,0.05,0.2,0.05,0.35088182750874714,0.0009933029569889212
0.4,0.2,0.1,0.1,0.05,0.15,0.35088182750874714,0.0009933029569889212
0.35,0.3,0.1,0.1,0.05,0.1,0.35088182750874714,0.0009933029569889212
0.3,0.2,0.15,0.15,0.05,0.15,0.35088182750874714,0.0009933029569889212
0.5,0.25,0.05,0.05,0.05,0.1,0.35088182750874714,0.0009933029569889212
0.2,0.2,0.15,0.15,0.1,0.2,0.35088182750874714,0.0009933029569889212
0.3,0.25,0.15,0.15,0.05,0.1,0.35088182750874714,0.0009933029569889212
0.4,0.35,0.05,0.1,0.05,0.05,0.35088182750874714,0.0009933029569889212
0.5,0.3,0.05,0.05,0.05,0.05,0.35088182750874714,0.0009933029569889212
0.35,0.25,0.15,0.1,0.1,0.05,0.35088182750874714,0.0009933029569889212
0.35,0.25,0.1,0.1,0.1,0.1,0.35088182750874714,0.0009933029569889212
0.5,0.25,0.1,0.05,0.05,0.05,0.35088182750874714,0.0009933029569889212
0.5,0.15,0.1,0.05,0.1,0.1,0.35088182750874714,0.0009933029569889212
0.4,0.25,0.05,0.05,0.2,0.05,0.35088182750874714,0.0009933029569889212
0.4,0.25,0.05,0.05,0.15,0.1,0.35088182750874714,0.0009933029569889212
0.4,0.2,0.15,0.1,0.05,0.1,0.35088182750874714,0.0009933029569889212
0.4,0.3,0.1,0.1,0.05,0.05,0.35088182750874714,0.0009933029569889212
0.2,0.05,0.05,0.15,0.4,0.15,0.35073495796633314,0.0009985179331769886
0.2,0.05,0.05,0.15,0.35,0.2,0.35073495796633314,0.0009985179331769886
0.2,0.1,0.05,0.25,0.25,0.15,0.35073495796633314,0.0009985179331769886
0.25,0.05,0.05,0.15,0.35,0.15,0.35073495796633314,0.0009985179331769886
0.2,0.1,0.05,0.25,0.2,0.2,0.35073495796633314,0.0009985179331769886
0.3,0.1,0.15,0.05,0.15,0.25,0.3472033206281879,0.0011316552223444949
0.35,0.2,0.15,0.05,0.1,0.15,0.3471891075851941,0.0011322221212000563
0.35,0.2,0.15,0.05,0.05,0.2,0.3471891075851941,0.0011322221212000563
0.35,0.15,0.15,0.1,0.05,0.2,0.3471891075851941,0.0011322221212000563
0.35,0.15,0.15,0.05,0.2,0.1,0.3471891075851941,0.0011322221212000563
0.35,0.15,0.15,0.05,0.15,0.15,0.3471891075851941,0.0011322221212000563
0.35,0.15,0.15,0.05,0.1,0.2,0.3471891075851941,0.0011322221212000563
0.35,0.15,0.1,0.05,0.2,0.15,0.3471891075851941,0.0011322221212000563
0.35,0.15,0.1,0.05,0.15,0.2,0.3471891075851941,0.0011322221212000563
0.35,0.15,0.1,0.05,0.1,0.25,0.3471891075851941,0.0011322221212000563
0.45,0.2,0.2,0.05,0.05,0.05,0.3471891075851941,0.0011322221212000563
0.45,0.2,0.15,0.05,0.1,0.05,0.3471891075851941,0.0011322221212000563
0.45,0.2,0.15,0.05,0.05,0.1,0.3471891075851941,0.0011322221212000563
0.3,0.15,0.1,0.1,0.1,0.25,0.3471891075851941,0.0011322221212000563
0.3,0.15,0.1,0.05,0.2,0.2,0.3471891075851941,0.0011322221212000563
0.3,0.15,0.1,0.05,0.15,0.25,0.3471891075851941,0.0011322221212000563
0.25,0.15,0.15,0.1,0.15,0.2,0.3471891075851941,0.0011322221212000563
0.4,0.25,0.1,0.05,0.05,0.15,0.3471891075851941,0.0011322221212000563
0.25,0.15,0.15,0.1,0.1,0.25,0.3471891075851941,0.0011322221212000563
0.25,0.15,0.15,0.05,0.2,0.2,0.3471891075851941,0.0011322221212000563
0.25,0.15,0.15,0.05,0.15,0.25,0.3471891075851941,0.0011322221212000563
0.4,0.25,0.15,0.05,0.05,0.1,0.3471891075851941,0.0011322221212000563
0.4,0.25,0.1,0.05,0.15,0.05,0.3471891075851941,0.0011322221212000563
0.4,0.25,0.1,0.05,0.1,0.1,0.3471891075851941,0.0011322221212000563
0.25,0.25,0.1,0.1,0.1,0.2,0.3471891075851941,0.0011322221212000563
0.4,0.2,0.15,0.05,0.05,0.15,0.3471891075851941,0.0011322221212000563
0.4,0.2,0.2,0.05,0.05,0.1,0.3471891075851941,0.0011322221212000563
0.4,0.2,0.15,0.05,0.15,0.05,0.3471891075851941,0.0011322221212000563
0.4,0.2,0.15,0.05,0.1,0.1,0.3471891075851941,0.0011322221212000563
0.4,0.3,0.1,0.05,0.1,0.05,0.3471891075851941,0.0011322221212000563
0.4,0.3,0.15,0.05,0.05,0.05,0.3471891075851941,0.0011322221212000563
0.4,0.3,0.1,0.05,0.05,0.1,0.3471891075851941,0.0011322221212000563
0.4,0.3,0.05,0.05,0.1,0.1,0.3471891075851941,0.0011322221212000563
0.4,0.15,0.1,0.05,0.1,0.2,0.3471891075851941,0.0011322221212000563
0.4,0.25,0.2,0.05,0.05,0.05,0.3471891075851941,0.0011322221212000563
0.4,0.25,0.15,0.05,0.1,0.05,0.3471891075851941,0.0011322221212000563
0.4,0.35,0.1,0.05,0.05,0.05,0.3471891075851941,0.0011322221212000563
0.2,0.15,0.2,0.05,0.15,0.25,0.3471891075851941,0.0011322221212000563
0.2,0.15,0.15,0.1,0.15,0.25,0.3471891075851941,0.0011322221212000563
0.2,0.15,0.15,0.05,0.2,0.25,0.3471891075851941,0.0011322221212000563
0.25,0.25,0.15,0.05,0.1,0.2,0.3471891075851941,0.0011322221212000563
0.4,0.2,0.1,0.05,0.15,0.1,0.3471891075851941,0.0011322221212000563
0.4,0.15,0.15,0.05,0.15,0.1,0.3471891075851941,0.0011322221212000563
0.4,0.15,0.15,0.05,0.1,0.15,0.3471891075851941,0.0011322221212000563
0.4,0.15,0.15,0.05,0.05,0.2,0.3471891075851941,0.0011322221212000563
0.4,0.2,0.1,0.05,0.05,0.2,0.3471891075851941,0.0011322221212000563
0.4,0.2,0.1,0.05,0.1,0.15,0.3471891075851941,0.0011322221212000563
0.2,0.15,0.15,0.05,0.15,0.3,0.3471891075851941,0.0011322221212000563
0.3,0.1,0.1,0.05,0.2,0.25,0.3471891075851941,0.0011322221212000563
0.4,0.15,0.1,0.05,0.05,0.25,0.3471891075851941,0.0011322221212000563
0.2,0.15,0.1,0.1,0.2,0.25,0.3471891075851941,0.0011322221212000563
0.4,0.15,0.1,0.05,0.15,0.15,0.3471891075851941,0.0011322221212000563
0.2,0.2,0.1,0.1,0.15,0.25,0.3471891075851941,0.0011322221212000563
0.2,0.2,0.15,0.05,0.15,0.25,0.3471891075851941,0.0011322221212000563
0.4,0.1,0.15,0.05,0.1,0.2,0.3471891075851941,0.0011322221212000563
0.25,0.2,0.15,0.1,0.1,0.2,0.3471891075851941,0.0011322221212000563
0.45,0.15,0.1,0.05,0.05,0.2,0.3471891075851941,0.0011322221212000563
0.3,0.25,0.1,0.05,0.1,0.2,0.3471891075851941,0.0011322221212000563
0.5,0.2,0.15,0.05,0.05,0.05,0.3471891075851941,0.0011322221212000563
0.2,0.2,0.2,0.1,0.1,0.2,0.3471891075851941,0.0011322221212000563
0.3,0.25,0.1,0.1,0.1,0.15,0.3471891075851941,0.0011322221212000563
0.3,0.25,0.1,0.05,0.15,0.15,0.3471891075851941,0.0011322221212000563
0.25,0.2,0.2,0.05,0.1,0.2,0.3471891075851941,0.0011322221212000563
0.25,0.2,0.2,0.05,0.15,0.15,0.3471891075851941,0.0011322221212000563
0.25,0.2,0.15,0.05,0.15,0.2,0.3471891075851941,0.0011322221212000563
0.3,0.2,0.15,0.05,0.1,0.2,0.3471891075851941,0.0011322221212000563
0.3,0.2,0.1,0.1,0.1,0.2,0.3471891075851941,0.0011322221212000563
0.3,0.2,0.1,0.05,0.15,0.2,0.3471891075851941,0.0011322221212000563
0.3,0.2,0.1,0.05,0.2,0.15,0.3471891075851941,0.0011322221212000563
0.3,0.2,0.1,0.05,0.1,0.25,0.3471891075851941,0.0011322221212000563
0.35,0.1,0.15,0.05,0.15,0.2,0.3471891075851941,0.0011322221212000563
0.35,0.2,0.2,0.05,0.05,0.15,0.3471891075851941,0.0011322221212000563
0.35,0.2,0.2,0.05,0.1,0.1,0.3471891075851941,0.0011322221212000563
0.3,0.25,0.2,0.05,0.05,0.15,0.3471891075851941,0.0011322221212000563
0.3,0.25,0.2,0.05,0.1,0.1,0.3471891075851941,0.0011322221212000563
0.3,0.25,0.15,0.1,0.1,0.1,0.3471891075851941,0.0011322221212000563
0.3,0.25,0.2,0.1,0.05,0.1,0.3471891075851941,0.0011322221212000563
0.45,0.15,0.15,0.05,0.1,0.1,0.3471891075851941,0.0011322221212000563
0.3,0.3,0.1,0.05,0.1,0.15,0.3471891075851941,0.0011322221212000563
0.3,0.25,0.15,0.05,0.1,0.15,0.3471891075851941,0.0011322221212000563
0.3,0.25,0.15,0.1,0.05,0.15,0.3471891075851941,0.0011322221212000563
0.25,0.2,0.1,0.05,0.2,0.2,0.3471891075851941,0.0011322221212000563
0.35,0.3,0.2,0.05,0.05,0.05,0.3471891075851941,0.0011322221212000563
0.35,0.3,0.1,0.05,0.1,0.1,0.3471891075851941,0.0011322221212000563
0.35,0.3,0.15,0.05,0.05,0.1,0.3471891075851941,0.0011322221212000563
0.25,0.2,0.1,0.1,0.15,0.2,0.3471891075851941,0.0011322221212000563
0.45,0.15,0.15,0.05,0.05,0.15,0.3471891075851941,0.0011322221212000563
0.35,0.25,0.2,0.05,0.05,0.1,0.3471891075851941,0.0011322221212000563
0.35,0.3,0.15,0.1,0.05,0.05,0.3471891075851941,0.0011322221212000563
0.35,0.25,0.15,0.1,0.05,0.1,0.3471891075851941,0.0011322221212000563
0.45,0.2,0.1,0.05,0.05,0.15,0.3471891075851941,0.0011322221212000563
0.3,0.2,0.2,0.05,0.1,0.15,0.3471891075851941,0.0011322221212000563
0.3,0.2,0.2,0.05,0.15,0.1,0.3471891075851941,0.0011322221212000563
0.3,0.2,0.2,0.1,0.05,0.15,0.3471891075851941,0.0011322221212000563
0.25,0.1,0.15,0.05,0.15,0.3,0.3471891075851941,0.0011322221212000563
0.25,0.1,0.15,0.05,0.2,0.25,0.3471891075851941,0.0011322221212000563
0.25,0.2,0.1,0.05,0.15,0.25,0.3471891075851941,0.0011322221212000563
0.35,0.2,0.15,0.05,0.15,0.1,0.3471891075851941,0.0011322221212000563
0.35,0.1,0.1,0.05,0.2,0.2,0.3471891075851941,0.0011322221212000563
0.35,0.2,0.15,0.1,0.05,0.15,0.3471891075851941,0.0011322221212000563
0.35,0.2,0.15,0.05,0.2,0.05,0.3471891075851941,0.0011322221212000563
0.3,0.15,0.2,0.05,0.1,0.2,0.3471891075851941,0.0011322221212000563
0.3,0.15,0.15,0.1,0.1,0.2,0.3471891075851941,0.0011322221212000563
0.3,0.2,0.15,0.1,0.1,0.15,0.3471891075851941,0.0011322221212000563
0.3,0.2,0.15,0.05,0.15,0.15,0.3471891075851941,0.0011322221212000563
0.35,0.25,0.15,0.05,0.1,0.1,0.3471891075851941,0.0011322221212000563
0.35,0.25,0.15,0.05,0.05,0.15,0.3471891075851941,0.0011322221212000563
0.35,0.25,0.1,0.05,0.15,0.1,0.3471891075851941,0.0011322221212000563
0.35,0.25,0.1,0.05,0.1,0.15,0.3471891075851941,0.0011322221212000563
0.35,0.25,0.2,0.1,0.05,0.05,0.3471891075851941,0.0011322221212000563
0.35,0.25,0.2,0.05,0.1,0.05,0.3471891075851941,0.0011322221212000563
0.25,0.15,0.2,0.05,0.1,0.25,0.3471891075851941,0.0011322221212000563
0.35,0.15,0.2,0.05,0.05,0.2,0.3471891075851941,0.0011322221212000563
0.25,0.15,0.1,0.1,0.15,0.25,0.3471891075851941,0.0011322221212000563
0.25,0.15,0.1,0.05,0.25,0.2,0.3471891075851941,0.0011322221212000563
0.2,0.1,0.15,0.1,0.15,0.3,0.3471891075851941,0.0011322221212000563
0.2,0.1,0.15,0.05,0.2,0.3,0.3471891075851941,0.0011322221212000563
0.45,0.3,0.1,0.05,0.05,0.05,0.3471891075851941,0.0011322221212000563
0.45,0.35,0.05,0.05,0.05,0.05,0.3471891075851941,0.0011322221212000563
0.25,0.15,0.1,0.05,0.2,0.25,0.3471891075851941,0.0011322221212000563
0.35,0.2,0.1,0.05,0.1,0.2,0.3471891075851941,0.0011322221212000563
0.35,0.2,0.1,0.05,0.15,0.15,0.3471891075851941,0.0011322221212000563
0.35,0.2,0.1,0.05,0.2,0.1,0.3471891075851941,0.0011322221212000563
0.45,0.25,0.1,0.05,0.05,0.1,0.3471891075851941,0.0011322221212000563
0.45,0.25,0.15,0.05,0.05,0.05,0.3471891075851941,0.0011322221212000563
0.45,0.3,0.05,0.05,0.05,0.1,0.3471891075851941,0.0011322221212000563
0.3,0.15,0.15,0.05,0.1,0.25,0.3471891075851941,0.0011322221212000563
0.3,0.15,0.15,0.05,0.15,0.2,0.3471891075851941,0.0011322221212000563
0.3,0.15,0.15,0.05,0.2,0.15,0.3471891075851941,0.0011322221212000563
0.25,0.15,0.2,0.05,0.15,0.2,0.3471891075851941,0.0011322221212000563
0.3,0.1,0.1,0.05,0.25,0.2,0.3470422380427801,0.0011380952425095526
0.3,0.15,0.1,0.05,0.25,0.15,0.3470422380427801,0.0011380952425095526
0.2,0.1,0.15,0.05,0.25,0.25,0.3470422380427801,0.0011380952425095526
0.25,0.1,0.1,0.05,0.3,0.2,0.3470422380427801,0.0011380952425095526
0.25,0.1,0.1,0.05,0.25,0.25,0.3470422380427801,0.0011380952425095526
0.2,0.1,0.1,0.05,0.3,0.25,0.3470422380427801,0.0011380952425095526
0.45,0.05,0.1,0.05,0.05,0.3,0.3445244744585393,0.001243172001086123
0.45,0.1,0.05,0.1,0.1,0.2,0.34393699628888313,0.0012689219205113675
0.25,0.1,0.05,0.15,0.15,0.3,0.34393699628888313,0.0012689219205113675
0.45,0.1,0.05,0.15,0.05,0.2,0.34393699628888313,0.0012689219205113675
0.25,0.1,0.05,0.1,0.2,0.3,0.34393699628888313,0.0012689219205113675
0.5,0.1,0.05,0.15,0.05,0.15,0.34393699628888313,0.0012689219205113675
0.4,0.05,0.05,0.1,0.15,0.25,0.34393699628888313,0.0012689219205113675
0.35,0.1,0.05,0.15,0.1,0.25,0.34393699628888313,0.0012689219205113675
0.45,0.1,0.05,0.05,0.15,0.2,0.34393699628888313,0.0012689219205113675
0.5,0.1,0.05,0.05,0.1,0.2,0.34393699628888313,0.0012689219205113675
0.35,0.1,0.05,0.1,0.15,0.25,0.34393699628888313,0.0012689219205113675
0.4,0.1,0.05,0.1,0.1,0.25,0.34393699628888313,0.0012689219205113675
0.45,0.15,0.05,0.1,0.05,0.2,0.34393699628888313,0.0012689219205113675
0.5,0.05,0.05,0.05,0.15,0.2,0.34393699628888313,0.0012689219205113675
0.2,0.15,0.15,0.25,0.05,0.2,0.34379012674646914,0.0012754344722600282
0.2,0.15,0.15,0.25,0.1,0.15,0.34379012674646914,0.0012754344722600282
0.2,0.15,0.15,0.3,0.1,0.1,0.34379012674646914,0.0012754344722600282
0.3,0.2,0.15,0.15,0.15,0.05,0.34379012674646914,0.0012754344722600282
0.3,0.2,0.15,0.2,0.1,0.05,0.34379012674646914,0.0012754344722600282
0.3,0.2,0.1,0.15,0.2,0.05,0.34379012674646914,0.0012754344722600282
0.3,0.2,0.1,0.2,0.15,0.05,0.34379012674646914,0.0012754344722600282
0.3,0.2,0.1,0.25,0.1,0.05,0.34379012674646914,0.0012754344722600282
0.3,0.2,0.05,0.25,0.05,0.15,0.34379012674646914,0.0012754344722600282
0.3,0.2,0.05,0.25,0.15,0.05,0.34379012674646914,0.0012754344722600282
0.25,0.1,0.15,0.2,0.05,0.25,0.34379012674646914,0.0012754344722600282
0.2,0.15,0.2,0.15,0.15,0.15,0.34379012674646914,0.0012754344722600282
0.2,0.15,0.2,0.2,0.1,0.15,0.34379012674646914,0.0012754344722600282
0.3,0.2,0.15,0.1,0.2,0.05,0.34379012674646914,0.0012754344722600282
0.2,0.15,0.1,0.3,0.05,0.2,0.34379012674646914,0.0012754344722600282
0.3,0.25,0.05,0.3,0.05,0.05,0.34379012674646914,0.0012754344722600282
0.35,0.15,0.05,0.15,0.1,0.2,0.34379012674646914,0.0012754344722600282
0.35,0.15,0.05,0.15,0.15,0.15,0.34379012674646914,0.0012754344722600282
0.25,0.15,0.05,0.15,0.15,0.25,0.34379012674646914,0.0012754344722600282
0.25,0.15,0.05,0.2,0.1,0.25,0.34379012674646914,0.0012754344722600282
0.25,0.15,0.05,0.2,0.15,0.2,0.34379012674646914,0.0012754344722600282
0.3,0.25,0.1,0.25,0.05,0.05,0.34379012674646914,0.0012754344722600282
0.25,0.1,0.1,0.25,0.05,0.25,0.34379012674646914,0.0012754344722600282
0.2,0.15,0.1,0.2,0.15,0.2,0.34379012674646914,0.0012754344722600282
0.2,0.15,0.1,0.25,0.15,0.15,0.34379012674646914,0.0012754344722600282
0.2,0.15,0.2,0.25,0.1,0.1,0.34379012674646914,0.0012754344722600282
0.2,0.15,0.2,0.3,0.05,0.1,0.34379012674646914,0.0012754344722600282
0.2,0.15,0.2,0.35,0.05,0.05,0.34379012674646914,0.0012754344722600282
0.45,0.05,0.05,0.05,0.2,0.2,0.34379012674646914,0.0012754344722600282
0.25,0.15,0.1,0.25,0.05,0.2,0.34379012674646914,0.0012754344722600282
0.3,0.25,0.15,0.2,0.05,0.05,0.34379012674646914,0.0012754344722600282
0.2,0.15,0.25,0.2,0.1,0.1,0.34379012674646914,0.0012754344722600282
0.2,0.15,0.3,0.2,0.1,0.05,0.34379012674646914,0.0012754344722600282
0.3,0.15,0.05,0.15,0.15,0.2,0.34379012674646914,0.0012754344722600282
0.45,0.1,0.05,0.1,0.15,0.15,0.34379012674646914,0.0012754344722600282
0.3,0.15,0.05,0.2,0.1,0.2,0.34379012674646914,0.0012754344722600282
0.2,0.15,0.25,0.25,0.05,0.1,0.34379012674646914,0.0012754344722600282
0.2,0.15,0.25,0.25,0.1,0.05,0.34379012674646914,0.0012754344722600282
0.5,0.15,0.05,0.1,0.05,0.15,0.34379012674646914,0.0012754344722600282
0.35,0.15,0.05,0.2,0.05,0.2,0.34379012674646914,0.0012754344722600282
0.2,0.25,0.2,0.2,0.05,0.1,0.34379012674646914,0.0012754344722600282
0.2,0.25,0.2,0.2,0.1,0.05,0.34379012674646914,0.0012754344722600282
0.2,0.25,0.2,0.25,0.05,0.05,0.34379012674646914,0.0012754344722600282
0.35,0.15,0.05,0.2,0.1,0.15,0.34379012674646914,0.0012754344722600282
0.2,0.15,0.25,0.3,0.05,0.05,0.34379012674646914,0.0012754344722600282
0.3,0.15,0.05,0.2,0.15,0.15,0.34379012674646914,0.0012754344722600282
0.3,0.15,0.05,0.25,0.05,0.2,0.34379012674646914,0.0012754344722600282
0.25,0.15,0.15,0.2,0.15,0.1,0.34379012674646914,0.0012754344722600282
0.25,0.15,0.15,0.25,0.1,0.1,0.34379012674646914,0.0012754344722600282
0.3,0.15,0.05,0.15,0.1,0.25,0.34379012674646914,0.0012754344722600282
0.2,0.25,0.1,0.25,0.15,0.05,0.34379012674646914,0.0012754344722600282
0.2,0.25,0.1,0.3,0.05,0.1,0.34379012674646914,0.0012754344722600282
0.2,0.25,0.1,0.3,0.1,0.05,0.34379012674646914,0.0012754344722600282
0.2,0.25,0.1,0.35,0.05,0.05,0.34379012674646914,0.0012754344722600282
0.25,0.15,0.2,0.15,0.15,0.1,0.34379012674646914,0.0012754344722600282
0.25,0.15,0.2,0.25,0.1,0.05,0.34379012674646914,0.0012754344722600282
0.25,0.15,0.2,0.3,0.05,0.05,0.34379012674646914,0.0012754344722600282
0.2,0.15,0.05,0.25,0.1,0.25,0.34379012674646914,0.0012754344722600282
0.45,0.1,0.05,0.15,0.1,0.15,0.34379012674646914,0.0012754344722600282
0.45,0.1,0.05,0.05,0.2,0.15,0.34379012674646914,0.0012754344722600282
0.35,0.05,0.05,0.05,0.25,0.25,0.34379012674646914,0.0012754344722600282
0.35,0.05,0.05,0.1,0.2,0.25,0.34379012674646914,0.0012754344722600282
0.25,0.1,0.05,0.2,0.15,0.25,0.34379012674646914,0.0012754344722600282
0.2,0.15,0.3,0.25,0.05,0.05,0.34379012674646914,0.0012754344722600282
0.25,0.15,0.25,0.15,0.15,0.05,0.34379012674646914,0.0012754344722600282
0.25,0.15,0.25,0.2,0.1,0.05,0.34379012674646914,0.0012754344722600282
0.2,0.15,0.05,0.15,0.15,0.3,0.34379012674646914,0.0012754344722600282
0.2,0.15,0.05,0.2,0.15,0.25,0.34379012674646914,0.0012754344722600282
0.4,0.15,0.05,0.2,0.05,0.15,0.34379012674646914,0.0012754344722600282
0.5,0.1,0.05,0.05,0.15,0.15,0.34379012674646914,0.0012754344722600282
0.3,0.05,0.1,0.1,0.15,0.3,0.34379012674646914,0.0012754344722600282
0.2,0.1,0.05,0.15,0.2,0.3,0.34379012674646914,0.0012754344722600282
0.2,0.25,0.15,0.15,0.2,0.05,0.34379012674646914,0.0012754344722600282
0.2,0.25,0.15,0.2,0.1,0.1,0.34379012674646914,0.0012754344722600282
0.2,0.25,0.15,0.2,0.15,0.05,0.34379012674646914,0.0012754344722600282
0.2,0.25,0.15,0.25,0.05,0.1,0.34379012674646914,0.0012754344722600282
0.2,0.25,0.15,0.25,0.1,0.05,0.34379012674646914,0.0012754344722600282
0.2,0.25,0.15,0.3,0.05,0.05,0.34379012674646914,0.0012754344722600282
0.25,0.2,0.05,0.25,0.15,0.1,0.34379012674646914,0.0012754344722600282
0.25,0.2,0.05,0.3,0.1,0.1,0.34379012674646914,0.0012754344722600282
0.2,0.25,0.05,0.3,0.15,0.05,0.34379012674646914,0.0012754344722600282
0.2,0.25,0.05,0.35,0.05,0.1,0.34379012674646914,0.0012754344722600282
0.2,0.25,0.05,0.35,0.1,0.05,0.34379012674646914,0.0012754344722600282
0.2,0.25,0.05,0.4,0.05,0.05,0.34379012674646914,0.0012754344722600282
0.2,0.1,0.05,0.2,0.15,0.3,0.34379012674646914,0.0012754344722600282
0.5,0.1,0.05,0.1,0.1,0.15,0.34379012674646914,0.0012754344722600282
0.3,0.1,0.15,0.15,0.05,0.25,0.34379012674646914,0.0012754344722600282
0.35,0.05,0.1,0.1,0.1,0.3,0.34379012674646914,0.0012754344722600282
0.2,0.2,0.05,0.3,0.15,0.1,0.34379012674646914,0.0012754344722600282
0.4,0.15,0.05,0.15,0.1,0.15,0.34379012674646914,0.0012754344722600282
0.25,0.2,0.1,0.2,0.15,0.1,0.34379012674646914,0.0012754344722600282
0.25,0.2,0.1,0.25,0.1,0.1,0.34379012674646914,0.0012754344722600282
0.25,0.2,0.1,0.25,0.15,0.05,0.34379012674646914,0.0012754344722600282
0.25,0.2,0.1,0.3,0.05,0.1,0.34379012674646914,0.0012754344722600282
0.25,0.2,0.1,0.3,0.1,0.05,0.34379012674646914,0.0012754344722600282
0.25,0.2,0.1,0.35,0.05,0.05,0.34379012674646914,0.0012754344722600282
0.2,0.2,0.1,0.25,0.1,0.15,0.34379012674646914,0.0012754344722600282
0.2,0.2,0.1,0.25,0.15,0.1,0.34379012674646914,0.0012754344722600282
0.4,0.15,0.05,0.1,0.1,0.2,0.34379012674646914,0.0012754344722600282
0.2,0.2,0.2,0.2,0.15,0.05,0.34379012674646914,0.0012754344722600282
0.2,0.2,0.2,0.25,0.05,0.1,0.34379012674646914,0.0012754344722600282
0.35,0.1,0.05,0.15,0.15,0.2,0.34379012674646914,0.0012754344722600282
0.45,0.15,0.05,0.1,0.1,0.15,0.34379012674646914,0.0012754344722600282
0.45,0.15,0.05,0.15,0.05,0.15,0.34379012674646914,0.0012754344722600282
0.3,0.1,0.1,0.2,0.05,0.25,0.34379012674646914,0.0012754344722600282
0.25,0.2,0.15,0.15,0.15,0.1,0.34379012674646914,0.0012754344722600282
0.25,0.2,0.15,0.15,0.2,0.05,0.34379012674646914,0.0012754344722600282
0.25,0.2,0.15,0.2,0.1,0.1,0.34379012674646914,0.0012754344722600282
0.25,0.2,0.15,0.2,0.15,0.05,0.34379012674646914,0.0012754344722600282
0.25,0.2,0.15,0.25,0.05,0.1,0.34379012674646914,0.0012754344722600282
0.25,0.2,0.15,0.25,0.1,0.05,0.34379012674646914,0.0012754344722600282
0.25,0.2,0.15,0.3,0.05,0.05,0.34379012674646914,0.0012754344722600282
0.3,0.1,0.05,0.2,0.1,0.25,0.34379012674646914,0.0012754344722600282
0.4,0.1,0.05,0.05,0.2,0.2,0.34379012674646914,0.0012754344722600282
0.4,0.1,0.05,0.1,0.15,0.2,0.34379012674646914,0.0012754344722600282
0.4,0.1,0.05,0.15,0.1,0.2,0.34379012674646914,0.0012754344722600282
0.2,0.2,0.25,0.2,0.05,0.1,0.34379012674646914,0.0012754344722600282
0.2,0.2,0.25,0.2,0.1,0.05,0.34379012674646914,0.0012754344722600282
0.2,0.2,0.25,0.25,0.05,0.05,0.34379012674646914,0.0012754344722600282
0.2,0.2,0.2,0.2,0.1,0.1,0.34379012674646914,0.0012754344722600282
0.25,0.2,0.2,0.15,0.15,0.05,0.34379012674646914,0.0012754344722600282
0.25,0.2,0.2,0.2,0.1,0.05,0.34379012674646914,0.0012754344722600282
0.25,0.2,0.2,0.25,0.05,0.05,0.34379012674646914,0.0012754344722600282
0.25,0.2,0.25,0.2,0.05,0.05,0.34379012674646914,0.0012754344722600282
0.25,0.05,0.2,0.2,0.05,0.25,0.34379012674646914,0.0012754344722600282
0.3,0.1,0.05,0.1,0.2,0.25,0.34379012674646914,0.0012754344722600282
0.4,0.15,0.05,0.15,0.05,0.2,0.34379012674646914,0.0012754344722600282
0.2,0.2,0.1,0.3,0.05,0.15,0.34379012674646914,0.0012754344722600282
0.2,0.2,0.1,0.3,0.1,0.1,0.34379012674646914,0.0012754344722600282
0.2,0.1,0.1,0.15,0.15,0.3,0.34379012674646914,0.0012754344722600282
0.2,0.2,0.1,0.35,0.05,0.1,0.34379012674646914,0.0012754344722600282
0.2,0.2,0.1,0.35,0.1,0.05,0.34379012674646914,0.0012754344722600282
0.3,0.1,0.05,0.15,0.15,0.25,0.34379012674646914,0.0012754344722600282
0.2,0.2,0.15,0.2,0.1,0.15,0.34379012674646914,0.0012754344722600282
0.2,0.2,0.15,0.2,0.15,0.1,0.34379012674646914,0.0012754344722600282
0.2,0.2,0.15,0.25,0.1,0.1,0.34379012674646914,0.0012754344722600282
0.2,0.2,0.15,0.25,0.15,0.05,0.34379012674646914,0.0012754344722600282
0.2,0.2,0.15,0.3,0.05,0.1,0.34379012674646914,0.0012754344722600282
0.25,0.05,0.05,0.1,0.25,0.3,0.34379012674646914,0.0012754344722600282
0.25,0.25,0.05,0.3,0.1,0.05,0.34379012674646914,0.0012754344722600282
0.25,0.25,0.05,0.35,0.05,0.05,0.34379012674646914,0.0012754344722600282
0.2,0.2,0.15,0.15,0.2,0.1,0.34379012674646914,0.0012754344722600282
0.2,0.1,0.2,0.25,0.05,0.2,0.34379012674646914,0.0012754344722600282
0.2,0.2,0.2,0.25,0.1,0.05,0.34379012674646914,0.0012754344722600282
0.2,0.2,0.2,0.3,0.05,0.05,0.34379012674646914,0.0012754344722600282
0.2,0.1,0.15,0.3,0.05,0.2,0.34379012674646914,0.0012754344722600282
0.25,0.25,0.2,0.2,0.05,0.05,0.34379012674646914,0.0012754344722600282
0.2,0.2,0.15,0.3,0.1,0.05,0.34379012674646914,0.0012754344722600282
0.2,0.2,0.15,0.35,0.05,0.05,0.34379012674646914,0.0012754344722600282
0.25,0.25,0.1,0.25,0.1,0.05,0.34379012674646914,0.0012754344722600282
0.25,0.25,0.1,0.3,0.05,0.05,0.34379012674646914,0.0012754344722600282
0.3,0.05,0.2,0.15,0.05,0.25,0.34379012674646914,0.0012754344722600282
0.25,0.25,0.15,0.2,0.1,0.05,0.34379012674646914,0.0012754344722600282
0.25,0.25,0.15,0.25,0.05,0.05,0.34379012674646914,0.0012754344722600282
0.3,0.2,0.1,0.3,0.05,0.05,0.34379012674646914,0.0012754344722600282
0.3,0.2,0.05,0.3,0.1,0.05,0.34379012674646914,0.0012754344722600282
0.2,0.15,0.15,0.2,0.15,0.15,0.34379012674646914,0.0012754344722600282
0.2,0.3,0.1,0.3,0.05,0.05,0.34379012674646914,0.0012754344722600282
0.2,0.05,0.05,0.1,0.3,0.3,0.3436432572040551,0.001281977299736147
0.3,0.05,0.05,0.1,0.25,0.25,0.3436432572040551,0.001281977299736147
0.2,0.05,0.3,0.25,0.15,0.05,0.3436432572040551,0.001281977299736147
0.2,0.05,0.35,0.2,0.15,0.05,0.3436432572040551,0.001281977299736147
0.35,0.15,0.05,0.15,0.25,0.05,0.3436432572040551,0.001281977299736147
0.2,0.05,0.15,0.1,0.3,0.2,0.3436432572040551,0.001281977299736147
0.2,0.05,0.15,0.1,0.35,0.15,0.3436432572040551,0.001281977299736147
0.2,0.05,0.15,0.1,0.4,0.1,0.3436432572040551,0.001281977299736147
0.2,0.05,0.15,0.1,0.45,0.05,0.3436432572040551,0.001281977299736147
0.2,0.05,0.15,0.15,0.35,0.1,0.3436432572040551,0.001281977299736147
0.2,0.05,0.15,0.15,0.4,0.05,0.3436432572040551,0.001281977299736147
0.2,0.05,0.1,0.1,0.4,0.15,0.3436432572040551,0.001281977299736147
0.2,0.05,0.1,0.1,0.45,0.1,0.3436432572040551,0.001281977299736147
0.2,0.15,0.2,0.2,0.2,0.05,0.3436432572040551,0.001281977299736147
0.2,0.15,0.15,0.25,0.15,0.1,0.3436432572040551,0.001281977299736147
0.3,0.05,0.05,0.05,0.5,0.05,0.3436432572040551,0.001281977299736147
0.2,0.05,0.2,0.1,0.35,0.1,0.3436432572040551,0.001281977299736147
0.2,0.15,0.2,0.25,0.15,0.05,0.3436432572040551,0.001281977299736147
0.2,0.05,0.2,0.2,0.3,0.05,0.3436432572040551,0.001281977299736147
0.2,0.15,0.2,0.3,0.1,0.05,0.3436432572040551,0.001281977299736147
0.45,0.05,0.05,0.05,0.25,0.15,0.3436432572040551,0.001281977299736147
0.3,0.15,0.1,0.25,0.15,0.05,0.3436432572040551,0.001281977299736147
0.25,0.15,0.1,0.15,0.3,0.05,0.3436432572040551,0.001281977299736147
0.25,0.15,0.1,0.2,0.2,0.1,0.3436432572040551,0.001281977299736147
0.3,0.05,0.05,0.05,0.3,0.25,0.3436432572040551,0.001281977299736147
0.3,0.05,0.05,0.05,0.35,0.2,0.3436432572040551,0.001281977299736147
0.3,0.05,0.05,0.05,0.45,0.1,0.3436432572040551,0.001281977299736147
0.25,0.15,0.1,0.2,0.25,0.05,0.3436432572040551,0.001281977299736147
0.25,0.15,0.1,0.25,0.15,0.1,0.3436432572040551,0.001281977299736147
0.25,0.15,0.1,0.25,0.2,0.05,0.3436432572040551,0.001281977299736147
0.3,0.15,0.1,0.1,0.3,0.05,0.3436432572040551,0.001281977299736147
0.2,0.15,0.15,0.2,0.25,0.05,0.3436432572040551,0.001281977299736147
0.2,0.1,0.15,0.2,0.25,0.1,0.3436432572040551,0.001281977299736147
0.2,0.1,0.15,0.2,0.3,0.05,0.3436432572040551,0.001281977299736147
0.2,0.1,0.15,0.25,0.25,0.05,0.3436432572040551,0.001281977299736147
0.25,0.15,0.15,0.1,0.25,0.1,0.3436432572040551,0.001281977299736147
0.2,0.15,0.1,0.15,0.35,0.05,0.3436432572040551,0.001281977299736147
0.2,0.15,0.1,0.2,0.2,0.15,0.3436432572040551,0.001281977299736147
0.2,0.15,0.1,0.2,0.25,0.1,0.3436432572040551,0.001281977299736147
0.2,0.15,0.1,0.2,0.3,0.05,0.3436432572040551,0.001281977299736147
0.3,0.15,0.15,0.1,0.25,0.05,0.3436432572040551,0.001281977299736147
0.3,0.15,0.15,0.15,0.2,0.05,0.3436432572040551,0.001281977299736147
0.25,0.15,0.05,0.25,0.25,0.05,0.3436432572040551,0.001281977299736147
0.25,0.15,0.1,0.05,0.4,0.05,0.3436432572040551,0.001281977299736147
0.25,0.15,0.1,0.1,0.3,0.1,0.3436432572040551,0.001281977299736147
0.25,0.15,0.1,0.1,0.35,0.05,0.3436432572040551,0.001281977299736147
0.25,0.15,0.1,0.15,0.2,0.15,0.3436432572040551,0.001281977299736147
0.25,0.15,0.1,0.15,0.25,0.1,0.3436432572040551,0.001281977299736147
0.25,0.05,0.05,0.05,0.5,0.1,0.3436432572040551,0.001281977299736147
0.25,0.05,0.05,0.05,0.55,0.05,0.3436432572040551,0.001281977299736147
0.2,0.2,0.15,0.1,0.3,0.05,0.3436432572040551,0.001281977299736147
0.2,0.2,0.15,0.15,0.25,0.05,0.3436432572040551,0.001281977299736147
0.3,0.15,0.1,0.15,0.25,0.05,0.3436432572040551,0.001281977299736147
0.2,0.1,0.2,0.1,0.35,0.05,0.3436432572040551,0.001281977299736147
0.2,0.1,0.2,0.15,0.2,0.15,0.3436432572040551,0.001281977299736147
0.2,0.1,0.2,0.15,0.25,0.1,0.3436432572040551,0.001281977299736147
0.2,0.1,0.2,0.15,0.3,0.05,0.3436432572040551,0.001281977299736147
0.2,0.1,0.2,0.2,0.2,0.1,0.3436432572040551,0.001281977299736147
0.2,0.1,0.2,0.2,0.25,0.05,0.3436432572040551,0.001281977299736147
0.2,0.1,0.2,0.25,0.15,0.1,0.3436432572040551,0.001281977299736147
0.2,0.1,0.2,0.25,0.2,0.05,0.3436432572040551,0.001281977299736147
0.3,0.15,0.1,0.2,0.2,0.05,0.3436432572040551,0.001281977299736147
0.5,0.05,0.05,0.05,0.2,0.15,0.3436432572040551,0.001281977299736147
0.2,0.1,0.15,0.2,0.2,0.15,0.3436432572040551,0.001281977299736147
0.2,0.1,0.25,0.25,0.15,0.05,0.3436432572040551,0.001281977299736147
0.3,0.1,0.05,0.1,0.4,0.05,0.3436432572040551,0.001281977299736147
0.3,0.1,0.05,0.15,0.2,0.2,0.3436432572040551,0.001281977299736147
0.25,0.1,0.15,0.15,0.3,0.05,0.3436432572040551,0.001281977299736147
0.2,0.2,0.15,0.2,0.2,0.05,0.3436432572040551,0.001281977299736147
0.25,0.05,0.05,0.1,0.3,0.25,0.3436432572040551,0.001281977299736147
0.3,0.15,0.15,0.2,0.15,0.05,0.3436432572040551,0.001281977299736147
0.3,0.15,0.2,0.1,0.2,0.05,0.3436432572040551,0.001281977299736147
0.25,0.15,0.05,0.15,0.35,0.05,0.3436432572040551,0.001281977299736147
0.25,0.1,0.1,0.15,0.3,0.1,0.3436432572040551,0.001281977299736147
0.25,0.1,0.1,0.15,0.35,0.05,0.3436432572040551,0.001281977299736147
0.25,0.05,0.1,0.05,0.4,0.15,0.3436432572040551,0.001281977299736147
0.25,0.1,0.1,0.2,0.3,0.05,0.3436432572040551,0.001281977299736147
0.25,0.15,0.05,0.2,0.25,0.1,0.3436432572040551,0.001281977299736147
0.25,0.15,0.05,0.2,0.3,0.05,0.3436432572040551,0.001281977299736147
0.2,0.15,0.1,0.1,0.35,0.1,0.3436432572040551,0.001281977299736147
0.2,0.15,0.1,0.1,0.4,0.05,0.3436432572040551,0.001281977299736147
0.2,0.15,0.1,0.15,0.25,0.15,0.3436432572040551,0.001281977299736147
0.2,0.1,0.15,0.1,0.3,0.15,0.3436432572040551,0.001281977299736147
0.2,0.1,0.15,0.1,0.35,0.1,0.3436432572040551,0.001281977299736147
0.2,0.1,0.15,0.1,0.4,0.05,0.3436432572040551,0.001281977299736147
0.2,0.1,0.15,0.15,0.25,0.15,0.3436432572040551,0.001281977299736147
0.2,0.1,0.15,0.15,0.3,0.1,0.3436432572040551,0.001281977299736147
0.2,0.1,0.15,0.15,0.35,0.05,0.3436432572040551,0.001281977299736147
0.3,0.05,0.15,0.1,0.35,0.05,0.3436432572040551,0.001281977299736147
0.2,0.1,0.1,0.15,0.25,0.2,0.3436432572040551,0.001281977299736147
0.2,0.1,0.1,0.15,0.3,0.15,0.3436432572040551,0.001281977299736147
0.2,0.1,0.1,0.15,0.35,0.1,0.3436432572040551,0.001281977299736147
0.2,0.2,0.1,0.3,0.15,0.05,0.3436432572040551,0.001281977299736147
0.2,0.15,0.1,0.15,0.3,0.1,0.3436432572040551,0.001281977299736147
0.2,0.1,0.25,0.2,0.2,0.05,0.3436432572040551,0.001281977299736147
0.2,0.1,0.25,0.25,0.1,0.1,0.3436432572040551,0.001281977299736147
0.3,0.1,0.05,0.1,0.25,0.2,0.3436432572040551,0.001281977299736147
0.3,0.1,0.05,0.1,0.35,0.1,0.3436432572040551,0.001281977299736147
0.2,0.05,0.25,0.2,0.2,0.1,0.3436432572040551,0.001281977299736147
0.2,0.05,0.25,0.2,0.25,0.05,0.3436432572040551,0.001281977299736147
0.2,0.1,0.25,0.15,0.2,0.1,0.3436432572040551,0.001281977299736147
0.2,0.1,0.25,0.15,0.25,0.05,0.3436432572040551,0.001281977299736147
0.2,0.1,0.25,0.2,0.15,0.1,0.3436432572040551,0.001281977299736147
0.25,0.05,0.1,0.05,0.45,0.1,0.3436432572040551,0.001281977299736147
0.25,0.05,0.1,0.05,0.5,0.05,0.3436432572040551,0.001281977299736147
0.2,0.05,0.3,0.15,0.2,0.1,0.3436432572040551,0.001281977299736147
0.25,0.05,0.1,0.1,0.4,0.1,0.3436432572040551,0.001281977299736147
0.25,0.05,0.1,0.1,0.45,0.05,0.3436432572040551,0.001281977299736147
0.2,0.2,0.1,0.25,0.2,0.05,0.3436432572040551,0.001281977299736147
0.2,0.05,0.3,0.15,0.25,0.05,0.3436432572040551,0.001281977299736147
0.2,0.05,0.3,0.2,0.2,0.05,0.3436432572040551,0.001281977299736147
0.2,0.05,0.2,0.15,0.3,0.1,0.3436432572040551,0.001281977299736147
0.25,0.05,0.2,0.1,0.3,0.1,0.3436432572040551,0.001281977299736147
0.25,0.05,0.2,0.1,0.35,0.05,0.3436432572040551,0.001281977299736147
0.25,0.05,0.2,0.15,0.3,0.05,0.3436432572040551,0.001281977299736147
0.2,0.05,0.2,0.15,0.35,0.05,0.3436432572040551,0.001281977299736147
0.35,0.15,0.1,0.1,0.25,0.05,0.3436432572040551,0.001281977299736147
0.2,0.1,0.25,0.3,0.1,0.05,0.3436432572040551,0.001281977299736147
0.25,0.1,0.15,0.1,0.3,0.1,0.3436432572040551,0.001281977299736147
0.25,0.1,0.15,0.1,0.35,0.05,0.3436432572040551,0.001281977299736147
0.25,0.1,0.15,0.15,0.25,0.1,0.3436432572040551,0.001281977299736147
0.2,0.1,0.3,0.15,0.2,0.05,0.3436432572040551,0.001281977299736147
0.2,0.1,0.3,0.2,0.15,0.05,0.3436432572040551,0.001281977299736147
0.2,0.1,0.3,0.25,0.1,0.05,0.3436432572040551,0.001281977299736147
0.2,0.1,0.3,0.3,0.05,0.05,0.3436432572040551,0.001281977299736147
0.2,0.15,0.2,0.15,0.25,0.05,0.3436432572040551,0.001281977299736147
0.3,0.1,0.05,0.05,0.45,0.05,0.3436432572040551,0.001281977299736147
0.2,0.15,0.2,0.2,0.15,0.1,0.3436432572040551,0.001281977299736147
0.25,0.1,0.15,0.2,0.2,0.1,0.3436432572040551,0.001281977299736147
0.4,0.1,0.05,0.05,0.25,0.15,0.3436432572040551,0.001281977299736147
0.4,0.1,0.05,0.1,0.2,0.15,0.3436432572040551,0.001281977299736147
0.2,0.15,0.1,0.25,0.2,0.1,0.3436432572040551,0.001281977299736147
0.2,0.15,0.1,0.25,0.25,0.05,0.3436432572040551,0.001281977299736147
0.2,0.2,0.2,0.15,0.2,0.05,0.3436432572040551,0.001281977299736147
0.2,0.15,0.1,0.3,0.2,0.05,0.3436432572040551,0.001281977299736147
0.2,0.15,0.15,0.1,0.3,0.1,0.3436432572040551,0.001281977299736147
0.2,0.15,0.15,0.1,0.35,0.05,0.3436432572040551,0.001281977299736147
0.2,0.05,0.25,0.15,0.25,0.1,0.3436432572040551,0.001281977299736147
0.25,0.05,0.15,0.05,0.45,0.05,0.3436432572040551,0.001281977299736147
0.25,0.05,0.15,0.1,0.35,0.1,0.3436432572040551,0.001281977299736147
0.25,0.05,0.15,0.1,0.4,0.05,0.3436432572040551,0.001281977299736147
0.25,0.05,0.15,0.15,0.35,0.05,0.3436432572040551,0.001281977299736147
0.2,0.05,0.25,0.15,0.3,0.05,0.3436432572040551,0.001281977299736147
0.2,0.15,0.15,0.3,0.15,0.05,0.3436432572040551,0.001281977299736147
0.25,0.2,0.15,0.1,0.25,0.05,0.3436432572040551,0.001281977299736147
0.25,0.1,0.15,0.2,0.25,0.05,0.3436432572040551,0.001281977299736147
0.3,0.1,0.1,0.1,0.3,0.1,0.3436432572040551,0.001281977299736147
0.3,0.1,0.1,0.1,0.35,0.05,0.3436432572040551,0.001281977299736147
0.3,0.1,0.1,0.15,0.3,0.05,0.3436432572040551,0.001281977299736147
0.25,0.1,0.2,0.1,0.3,0.05,0.3436432572040551,0.001281977299736147
0.3,0.1,0.1,0.05,0.35,0.1,0.3436432572040551,0.001281977299736147
0.3,0.1,0.1,0.05,0.4,0.05,0.3436432572040551,0.001281977299736147
0.3,0.1,0.05,0.15,0.35,0.05,0.3436432572040551,0.001281977299736147
0.25,0.1,0.2,0.15,0.2,0.1,0.3436432572040551,0.001281977299736147
0.25,0.1,0.2,0.15,0.25,0.05,0.3436432572040551,0.001281977299736147
0.2,0.15,0.2,0.15,0.2,0.1,0.3436432572040551,0.001281977299736147
0.2,0.15,0.15,0.2,0.2,0.1,0.3436432572040551,0.001281977299736147
0.2,0.1,0.1,0.15,0.4,0.05,0.3436432572040551,0.001281977299736147
0.2,0.1,0.1,0.2,0.3,0.1,0.3436432572040551,0.001281977299736147
0.2,0.1,0.1,0.2,0.35,0.05,0.3436432572040551,0.001281977299736147
0.35,0.1,0.05,0.1,0.25,0.15,0.3436432572040551,0.001281977299736147
0.35,0.1,0.05,0.1,0.35,0.05,0.3436432572040551,0.001281977299736147
0.2,0.15,0.05,0.2,0.3,0.1,0.3436432572040551,0.001281977299736147
0.3,0.05,0.2,0.1,0.3,0.05,0.3436432572040551,0.001281977299736147
0.3,0.05,0.15,0.05,0.4,0.05,0.3436432572040551,0.001281977299736147
0.35,0.1,0.1,0.05,0.35,0.05,0.3436432572040551,0.001281977299736147
0.2,0.05,0.05,0.05,0.6,0.05,0.3436432572040551,0.001281977299736147
0.2,0.05,0.05,0.1,0.5,0.1,0.3436432572040551,0.001281977299736147
0.25,0.05,0.25,0.1,0.3,0.05,0.3436432572040551,0.001281977299736147
0.25,0.1,0.2,0.2,0.2,0.05,0.3436432572040551,0.001281977299736147
0.25,0.05,0.25,0.15,0.25,0.05,0.3436432572040551,0.001281977299736147
0.25,0.05,0.25,0.2,0.2,0.05,0.3436432572040551,0.001281977299736147
0.25,0.1,0.2,0.25,0.15,0.05,0.3436432572040551,0.001281977299736147
0.2,0.1,0.35,0.2,0.1,0.05,0.3436432572040551,0.001281977299736147
0.25,0.1,0.25,0.15,0.2,0.05,0.3436432572040551,0.001281977299736147
0.25,0.1,0.25,0.2,0.15,0.05,0.3436432572040551,0.001281977299736147
0.2,0.2,0.05,0.25,0.25,0.05,0.3436432572040551,0.001281977299736147
0.2,0.2,0.05,0.3,0.2,0.05,0.3436432572040551,0.001281977299736147
0.2,0.15,0.15,0.15,0.2,0.15,0.3436432572040551,0.001281977299736147
0.2,0.2,0.05,0.35,0.15,0.05,0.3436432572040551,0.001281977299736147
0.2,0.15,0.15,0.15,0.25,0.1,0.3436432572040551,0.001281977299736147
0.25,0.2,0.1,0.15,0.25,0.05,0.3436432572040551,0.001281977299736147
0.25,0.2,0.1,0.2,0.2,0.05,0.3436432572040551,0.001281977299736147
0.2,0.2,0.1,0.15,0.3,0.05,0.3436432572040551,0.001281977299736147
0.2,0.2,0.1,0.2,0.2,0.1,0.3436432572040551,0.001281977299736147
0.2,0.2,0.1,0.2,0.25,0.05,0.3436432572040551,0.001281977299736147
0.2,0.15,0.15,0.15,0.3,0.05,0.3436432572040551,0.001281977299736147
0.2,0.15,0.15,0.25,0.2,0.05,0.3436432572040551,0.001281977299736147
0.2,0.05,0.2,0.15,0.25,0.15,0.3436432572040551,0.001281977299736147
0.35,0.1,0.05,0.05,0.25,0.2,0.3436432572040551,0.001281977299736147
0.35,0.1,0.05,0.05,0.4,0.05,0.3436432572040551,0.001281977299736147
0.35,0.1,0.05,0.1,0.2,0.2,0.3436432572040551,0.001281977299736147
0.2,0.1,0.1,0.05,0.5,0.05,0.3436432572040551,0.001281977299736147
0.2,0.05,0.2,0.1,0.4,0.05,0.3436432572040551,0.001281977299736147
0.2,0.1,0.1,0.1,0.3,0.2,0.3436432572040551,0.001281977299736147
0.2,0.1,0.1,0.1,0.35,0.15,0.3436432572040551,0.001281977299736147
0.2,0.1,0.1,0.1,0.4,0.1,0.3436432572040551,0.001281977299736147
0.2,0.1,0.1,0.1,0.45,0.05,0.3436432572040551,0.001281977299736147
0.2,0.05,0.05,0.05,0.55,0.1,0.3436432572040551,0.001281977299736147
0.2,0.05,0.1,0.05,0.55,0.05,0.3436432572040551,0.001281977299736147
0.2,0.05,0.1,0.05,0.5,0.1,0.3436432572040551,0.001281977299736147
0.3,0.1,0.15,0.1,0.3,0.05,0.3436432572040551,0.001281977299736147
0.3,0.1,0.15,0.15,0.25,0.05,0.3436432572040551,0.001281977299736147
0.25,0.1,0.05,0.05,0.5,0.05,0.3436432572040551,0.001281977299736147
0.35,0.05,0.1,0.05,0.4,0.05,0.3436432572040551,0.001281977299736147
0.25,0.1,0.05,0.1,0.25,0.25,0.3436432572040551,0.001281977299736147
0.2,0.2,0.05,0.2,0.3,0.05,0.3436432572040551,0.001281977299736147
0.2,0.2,0.05,0.25,0.2,0.1,0.3436432572040551,0.001281977299736147
0.25,0.1,0.05,0.1,0.45,0.05,0.3436432572040551,0.001281977299736147
0.25,0.1,0.05,0.15,0.2,0.25,0.3436432572040551,0.001281977299736147
0.25,0.1,0.05,0.15,0.25,0.2,0.3436432572040551,0.001281977299736147
0.2,0.05,0.1,0.1,0.5,0.05,0.3436432572040551,0.001281977299736147
0.25,0.1,0.05,0.15,0.35,0.1,0.3436432572040551,0.001281977299736147
0.25,0.1,0.05,0.15,0.4,0.05,0.3436432572040551,0.001281977299736147
0.35,0.05,0.05,0.05,0.45,0.05,0.3436432572040551,0.001281977299736147
0.25,0.15,0.2,0.2,0.15,0.05,0.3436432572040551,0.001281977299736147
0.3,0.1,0.2,0.1,0.25,0.05,0.3436432572040551,0.001281977299736147
0.25,0.2,0.05,0.2,0.25,0.05,0.3436432572040551,0.001281977299736147
0.3,0.1,0.15,0.2,0.2,0.05,0.3436432572040551,0.001281977299736147
0.25,0.2,0.05,0.25,0.2,0.05,0.3436432572040551,0.001281977299736147
0.25,0.2,0.05,0.3,0.15,0.05,0.3436432572040551,0.001281977299736147
0.25,0.1,0.1,0.15,0.25,0.15,0.3436432572040551,0.001281977299736147
0.2,0.15,0.05,0.1,0.45,0.05,0.3436432572040551,0.001281977299736147
0.2,0.15,0.05,0.15,0.35,0.1,0.3436432572040551,0.001281977299736147
0.2,0.15,0.05,0.15,0.4,0.05,0.3436432572040551,0.001281977299736147
0.25,0.1,0.05,0.1,0.4,0.1,0.3436432572040551,0.001281977299736147
0.2,0.1,0.05,0.2,0.4,0.05,0.3436432572040551,0.001281977299736147
0.3,0.05,0.1,0.1,0.4,0.05,0.3436432572040551,0.001281977299736147
0.2,0.1,0.05,0.1,0.25,0.3,0.3436432572040551,0.001281977299736147
0.2,0.1,0.05,0.1,0.45,0.1,0.3436432572040551,0.001281977299736147
0.2,0.1,0.05,0.1,0.5,0.05,0.3436432572040551,0.001281977299736147
0.2,0.15,0.05,0.25,0.25,0.1,0.3436432572040551,0.001281977299736147
0.2,0.15,0.05,0.25,0.3,0.05,0.3436432572040551,0.001281977299736147
0.2,0.15,0.05,0.3,0.25,0.05,0.3436432572040551,0.001281977299736147
0.35,0.05,0.05,0.05,0.3,0.2,0.3436432572040551,0.001281977299736147
0.25,0.1,0.1,0.05,0.4,0.1,0.3436432572040551,0.001281977299736147
0.25,0.1,0.1,0.05,0.45,0.05,0.3436432572040551,0.001281977299736147
0.25,0.1,0.1,0.1,0.3,0.15,0.3436432572040551,0.001281977299736147
0.25,0.1,0.1,0.1,0.35,0.1,0.3436432572040551,0.001281977299736147
0.25,0.1,0.1,0.1,0.4,0.05,0.3436432572040551,0.001281977299736147
0.3,0.05,0.1,0.05,0.4,0.1,0.3436432572040551,0.001281977299736147
0.2,0.1,0.05,0.05,0.55,0.05,0.3436432572040551,0.001281977299736147
0.3,0.05,0.1,0.05,0.45,0.05,0.3436432572040551,0.001281977299736147
0.4,0.05,0.05,0.05,0.25,0.2,0.3436432572040551,0.001281977299736147
0.4,0.05,0.05,0.05,0.3,0.15,0.3436432572040551,0.001281977299736147
0.25,0.15,0.2,0.15,0.2,0.05,0.3436432572040551,0.001281977299736147
0.2,0.15,0.05,0.2,0.35,0.05,0.3436432572040551,0.001281977299736147
0.3,0.15,0.05,0.2,0.2,0.1,0.3436432572040551,0.001281977299736147
0.3,0.15,0.05,0.2,0.25,0.05,0.3436432572040551,0.001281977299736147
0.25,0.15,0.15,0.15,0.2,0.1,0.3436432572040551,0.001281977299736147
0.25,0.15,0.15,0.15,0.25,0.05,0.3436432572040551,0.001281977299736147
0.25,0.15,0.15,0.2,0.2,0.05,0.3436432572040551,0.001281977299736147
0.25,0.15,0.15,0.25,0.15,0.05,0.3436432572040551,0.001281977299736147
0.25,0.15,0.15,0.3,0.1,0.05,0.3436432572040551,0.001281977299736147
0.2,0.1,0.05,0.15,0.25,0.25,0.3436432572040551,0.001281977299736147
0.2,0.1,0.05,0.15,0.4,0.1,0.3436432572040551,0.001281977299736147
0.2,0.1,0.05,0.15,0.45,0.05,0.3436432572040551,0.001281977299736147
0.2,0.15,0.25,0.15,0.2,0.05,0.3436432572040551,0.001281977299736147
0.25,0.15,0.15,0.1,0.3,0.05,0.3436432572040551,0.001281977299736147
0.3,0.15,0.05,0.15,0.3,0.05,0.3436432572040551,0.001281977299736147
0.2,0.15,0.25,0.2,0.15,0.05,0.3436432572040551,0.001281977299736147
0.35,0.15,0.05,0.2,0.2,0.05,0.3436432572040551,0.001281977299736147
0.3,0.1,0.05,0.25,0.05,0.25,0.34083175453498626,0.0014132342211288882
0.3,0.05,0.05,0.3,0.05,0.25,0.34083175453498626,0.0014132342211288882
0.25,0.05,0.05,0.35,0.05,0.25,0.34068488499257227,0.0014204139328464738
0.25,0.1,0.05,0.3,0.05,0.25,0.34068488499257227,0.0014204139328464738
0.35,0.25,0.25,0.05,0.05,0.05,0.34009740682291606,0.0014494640710911492
0.3,0.25,0.25,0.05,0.05,0.1,0.34009740682291606,0.0014494640710911492
0.2,0.2,0.25,0.05,0.1,0.2,0.34009740682291606,0.0014494640710911492
0.25,0.25,0.2,0.05,0.1,0.15,0.34009740682291606,0.0014494640710911492
0.2,0.05,0.15,0.05,0.4,0.15,0.33995053728050206,0.001456810099671238
0.2,0.05,0.15,0.05,0.45,0.1,0.33995053728050206,0.001456810099671238
0.2,0.05,0.15,0.05,0.5,0.05,0.33995053728050206,0.001456810099671238
0.3,0.1,0.2,0.05,0.3,0.05,0.33995053728050206,0.001456810099671238
0.2,0.05,0.1,0.05,0.4,0.2,0.33995053728050206,0.001456810099671238
0.2,0.15,0.2,0.1,0.3,0.05,0.33995053728050206,0.001456810099671238
0.2,0.05,0.25,0.1,0.3,0.1,0.33995053728050206,0.001456810099671238
0.2,0.05,0.25,0.1,0.35,0.05,0.33995053728050206,0.001456810099671238
0.2,0.1,0.1,0.05,0.45,0.1,0.33995053728050206,0.001456810099671238
0.2,0.05,0.2,0.05,0.4,0.1,0.33995053728050206,0.001456810099671238
0.2,0.05,0.2,0.05,0.45,0.05,0.33995053728050206,0.001456810099671238
0.2,0.05,0.2,0.1,0.3,0.15,0.33995053728050206,0.001456810099671238
0.25,0.1,0.2,0.1,0.25,0.1,0.33995053728050206,0.001456810099671238
0.25,0.1,0.2,0.05,0.35,0.05,0.33995053728050206,0.001456810099671238
0.25,0.1,0.25,0.1,0.25,0.05,0.33995053728050206,0.001456810099671238
0.3,0.1,0.15,0.05,0.35,0.05,0.33995053728050206,0.001456810099671238
0.25,0.05,0.15,0.05,0.35,0.15,0.33995053728050206,0.001456810099671238
0.25,0.05,0.15,0.05,0.4,0.1,0.33995053728050206,0.001456810099671238
0.25,0.05,0.2,0.05,0.35,0.1,0.33995053728050206,0.001456810099671238
0.2,0.1,0.2,0.1,0.3,0.1,0.33995053728050206,0.001456810099671238
0.3,0.05,0.2,0.05,0.35,0.05,0.33995053728050206,0.001456810099671238
0.3,0.15,0.15,0.05,0.3,0.05,0.33995053728050206,0.001456810099671238
0.2,0.1,0.1,0.05,0.4,0.15,0.33995053728050206,0.001456810099671238
0.25,0.1,0.15,0.05,0.35,0.1,0.33995053728050206,0.001456810099671238
0.25,0.05,0.2,0.05,0.4,0.05,0.33995053728050206,0.001456810099671238
0.25,0.1,0.1,0.05,0.35,0.15,0.33995053728050206,0.001456810099671238
0.25,0.15,0.2,0.1,0.25,0.05,0.33995053728050206,0.001456810099671238
0.2,0.05,0.3,0.1,0.3,0.05,0.33995053728050206,0.001456810099671238
0.25,0.05,0.05,0.05,0.35,0.25,0.33995053728050206,0.001456810099671238
0.2,0.1,0.15,0.05,0.45,0.05,0.33995053728050206,0.001456810099671238
0.2,0.1,0.15,0.1,0.25,0.2,0.33995053728050206,0.001456810099671238
0.2,0.15,0.15,0.05,0.4,0.05,0.33995053728050206,0.001456810099671238
0.2,0.1,0.25,0.1,0.3,0.05,0.33995053728050206,0.001456810099671238
0.25,0.05,0.3,0.1,0.25,0.05,0.33995053728050206,0.001456810099671238
0.25,0.1,0.15,0.05,0.4,0.05,0.33995053728050206,0.001456810099671238
0.25,0.05,0.25,0.05,0.35,0.05,0.33995053728050206,0.001456810099671238
0.25,0.15,0.15,0.05,0.35,0.05,0.33995053728050206,0.001456810099671238
0.2,0.1,0.15,0.05,0.4,0.1,0.33995053728050206,0.001456810099671238
0.2,0.15,0.1,0.05,0.45,0.05,0.33995053728050206,0.001456810099671238
0.2,0.05,0.35,0.15,0.2,0.05,0.33995053728050206,0.001456810099671238
0.2,0.05,0.1,0.05,0.45,0.15,0.33995053728050206,0.001456810099671238
0.4,0.15,0.05,0.1,0.05,0.25,0.33684529552660514,0.0016202240888721791
0.3,0.1,0.05,0.1,0.15,0.3,0.33684529552660514,0.0016202240888721791
0.35,0.15,0.05,0.1,0.1,0.25,0.33684529552660514,0.0016202240888721791
0.2,0.2,0.3,0.2,0.05,0.05,0.3366984259841911,0.0016283481423242758
0.2,0.15,0.35,0.2,0.05,0.05,0.3366984259841911,0.0016283481423242758
0.25,0.25,0.2,0.15,0.1,0.05,0.3366984259841911,0.0016283481423242758
0.25,0.1,0.2,0.15,0.05,0.25,0.3366984259841911,0.0016283481423242758
0.2,0.25,0.25,0.2,0.05,0.05,0.3366984259841911,0.0016283481423242758
0.25,0.2,0.2,0.15,0.1,0.1,0.3366984259841911,0.0016283481423242758
0.3,0.25,0.2,0.15,0.05,0.05,0.3366984259841911,0.0016283481423242758
0.4,0.05,0.05,0.05,0.2,0.25,0.3366984259841911,0.0016283481423242758
0.25,0.25,0.2,0.15,0.05,0.1,0.3366984259841911,0.0016283481423242758
0.25,0.2,0.25,0.15,0.1,0.05,0.3366984259841911,0.0016283481423242758
0.2,0.2,0.2,0.15,0.15,0.1,0.3366984259841911,0.0016283481423242758
0.2,0.25,0.2,0.15,0.15,0.05,0.3366984259841911,0.0016283481423242758
0.2,0.2,0.2,0.15,0.1,0.15,0.33300570606063806,0.0018450938487475257
0.25,0.05,0.05,0.05,0.3,0.3,0.33300570606063806,0.0018450938487475257
0.35,0.05,0.15,0.1,0.05,0.3,0.33300570606063806,0.0018450938487475257
0.25,0.05,0.1,0.1,0.15,0.35,0.33300570606063806,0.0018450938487475257
0.25,0.25,0.25,0.1,0.1,0.05,0.33300570606063806,0.0018450938487475257
0.25,0.25,0.25,0.15,0.05,0.05,0.33300570606063806,0.0018450938487475257
0.25,0.05,0.25,0.05,0.1,0.3,0.33300570606063806,0.0018450938487475257
0.25,0.2,0.3,0.15,0.05,0.05,0.33300570606063806,0.0018450938487475257
0.2,0.2,0.25,0.15,0.1,0.1,0.33300570606063806,0.0018450938487475257
0.2,0.2,0.25,0.15,0.15,0.05,0.33300570606063806,0.0018450938487475257
0.25,0.2,0.25,0.1,0.15,0.05,0.33300570606063806,0.0018450938487475257
0.3,0.1,0.1,0.1,0.1,0.3,0.33300570606063806,0.0018450938487475257
0.3,0.1,0.1,0.05,0.15,0.3,0.33300570606063806,0.0018450938487475257
0.25,0.2,0.2,0.1,0.15,0.1,0.33300570606063806,0.0018450938487475257
0.25,0.2,0.2,0.1,0.2,0.05,0.33300570606063806,0.0018450938487475257
0.2,0.2,0.3,0.15,0.05,0.1,0.33300570606063806,0.0018450938487475257
0.2,0.2,0.3,0.15,0.1,0.05,0.33300570606063806,0.0018450938487475257
0.25,0.05,0.25,0.15,0.05,0.25,0.33300570606063806,0.0018450938487475257
0.2,0.2,0.35,0.15,0.05,0.05,0.33300570606063806,0.0018450938487475257
0.2,0.1,0.1,0.1,0.2,0.3,0.33300570606063806,0.0018450938487475257
0.2,0.15,0.3,0.15,0.1,0.1,0.33300570606063806,0.0018450938487475257
0.2,0.25,0.2,0.1,0.2,0.05,0.33300570606063806,0.0018450938487475257
0.2,0.25,0.2,0.15,0.1,0.1,0.33300570606063806,0.0018450938487475257
0.2,0.15,0.35,0.15,0.1,0.05,0.33300570606063806,0.0018450938487475257
0.2,0.25,0.25,0.15,0.1,0.05,0.33300570606063806,0.0018450938487475257
0.2,0.15,0.25,0.1,0.15,0.15,0.33300570606063806,0.0018450938487475257
0.25,0.15,0.3,0.1,0.15,0.05,0.33300570606063806,0.0018450938487475257
0.25,0.1,0.1,0.1,0.15,0.3,0.33300570606063806,0.0018450938487475257
0.3,0.2,0.2,0.05,0.2,0.05,0.33300570606063806,0.0018450938487475257
0.3,0.2,0.2,0.1,0.15,0.05,0.33300570606063806,0.0018450938487475257
0.2,0.15,0.2,0.1,0.2,0.15,0.33300570606063806,0.0018450938487475257
0.3,0.05,0.1,0.05,0.2,0.3,0.33300570606063806,0.0018450938487475257
0.3,0.05,0.25,0.1,0.05,0.25,0.33300570606063806,0.0018450938487475257
0.2,0.15,0.25,0.15,0.15,0.1,0.33300570606063806,0.0018450938487475257
0.2,0.25,0.3,0.15,0.05,0.05,0.33300570606063806,0.0018450938487475257
0.25,0.25,0.2,0.1,0.15,0.05,0.33300570606063806,0.0018450938487475257
0.25,0.25,0.25,0.1,0.05,0.1,0.33300570606063806,0.0018450938487475257
0.2,0.2,0.25,0.1,0.1,0.15,0.33300570606063806,0.0018450938487475257
0.2,0.2,0.25,0.1,0.15,0.1,0.33300570606063806,0.0018450938487475257
0.2,0.2,0.2,0.1,0.15,0.15,0.33300570606063806,0.0018450938487475257
0.2,0.2,0.2,0.1,0.2,0.1,0.33300570606063806,0.0018450938487475257
0.35,0.05,0.2,0.05,0.05,0.3,0.33300570606063806,0.0018450938487475257
0.2,0.15,0.3,0.15,0.15,0.05,0.33285883651822407,0.0018542289345607316
0.25,0.15,0.15,0.05,0.3,0.1,0.33285883651822407,0.0018542289345607316
0.2,0.1,0.3,0.1,0.25,0.05,0.33285883651822407,0.0018542289345607316
0.25,0.1,0.3,0.1,0.2,0.05,0.33285883651822407,0.0018542289345607316
0.2,0.1,0.3,0.1,0.2,0.1,0.33285883651822407,0.0018542289345607316
0.2,0.1,0.15,0.05,0.35,0.15,0.33285883651822407,0.0018542289345607316
0.25,0.15,0.25,0.1,0.2,0.05,0.33285883651822407,0.0018542289345607316
0.2,0.15,0.15,0.05,0.35,0.1,0.33285883651822407,0.0018542289345607316
0.2,0.1,0.25,0.1,0.25,0.1,0.33285883651822407,0.0018542289345607316
0.2,0.15,0.15,0.1,0.25,0.15,0.33285883651822407,0.0018542289345607316
0.25,0.05,0.1,0.05,0.25,0.3,0.33285883651822407,0.0018542289345607316
0.2,0.05,0.1,0.1,0.2,0.35,0.33285883651822407,0.0018542289345607316
0.25,0.1,0.15,0.05,0.3,0.15,0.33285883651822407,0.0018542289345607316
0.2,0.05,0.05,0.05,0.35,0.3,0.33285883651822407,0.0018542289345607316
0.2,0.1,0.15,0.05,0.3,0.2,0.33285883651822407,0.0018542289345607316
0.3,0.1,0.05,0.05,0.25,0.25,0.33285883651822407,0.0018542289345607316
0.25,0.15,0.2,0.1,0.2,0.1,0.33285883651822407,0.0018542289345607316
0.2,0.05,0.3,0.1,0.25,0.1,0.33285883651822407,0.0018542289345607316
0.2,0.1,0.3,0.15,0.15,0.1,0.33285883651822407,0.0018542289345607316
0.2,0.05,0.1,0.05,0.3,0.3,0.33285883651822407,0.0018542289345607316
0.2,0.1,0.2,0.1,0.25,0.15,0.33285883651822407,0.0018542289345607316
0.2,0.1,0.2,0.05,0.4,0.05,0.33285883651822407,0.0018542289345607316
0.2,0.1,0.2,0.05,0.35,0.1,0.33285883651822407,0.0018542289345607316
0.25,0.15,0.2,0.05,0.25,0.1,0.33285883651822407,0.0018542289345607316
0.2,0.1,0.2,0.05,0.3,0.15,0.33285883651822407,0.0018542289345607316
0.2,0.05,0.2,0.05,0.35,0.15,0.33285883651822407,0.0018542289345607316
0.2,0.05,0.15,0.05,0.35,0.2,0.33285883651822407,0.0018542289345607316
0.2,0.15,0.2,0.05,0.25,0.15,0.33285883651822407,0.0018542289345607316
0.2,0.1,0.4,0.15,0.1,0.05,0.33285883651822407,0.0018542289345607316
0.2,0.15,0.2,0.1,0.25,0.1,0.33285883651822407,0.0018542289345607316
0.2,0.05,0.25,0.05,0.4,0.05,0.33285883651822407,0.0018542289345607316
0.2,0.05,0.25,0.05,0.3,0.15,0.33285883651822407,0.0018542289345607316
0.2,0.15,0.25,0.1,0.2,0.1,0.33285883651822407,0.0018542289345607316
0.2,0.05,0.25,0.05,0.35,0.1,0.33285883651822407,0.0018542289345607316
0.2,0.15,0.25,0.1,0.25,0.05,0.33285883651822407,0.0018542289345607316
0.25,0.15,0.2,0.05,0.3,0.05,0.33285883651822407,0.0018542289345607316
0.25,0.1,0.25,0.05,0.25,0.1,0.33285883651822407,0.0018542289345607316
0.25,0.1,0.2,0.05,0.3,0.1,0.33285883651822407,0.0018542289345607316
0.3,0.15,0.2,0.05,0.25,0.05,0.33285883651822407,0.0018542289345607316
0.3,0.15,0.15,0.05,0.25,0.1,0.33285883651822407,0.0018542289345607316
0.2,0.2,0.2,0.1,0.25,0.05,0.33285883651822407,0.0018542289345607316
0.2,0.1,0.35,0.15,0.15,0.05,0.33285883651822407,0.0018542289345607316
0.2,0.05,0.05,0.45,0.05,0.2,0.332649022886204,0.0018673498223969057
0.4,0.05,0.05,0.15,0.1,0.25,0.33019420339156924,0.002027205762948849
0.25,0.05,0.05,0.2,0.15,0.3,0.3300473338491552,0.002037149517254834
0.45,0.15,0.05,0.05,0.05,0.25,0.3297535947643271,0.00205716893314593
0.5,0.15,0.05,0.05,0.05,0.2,0.3297535947643271,0.00205716893314593
0.45,0.1,0.05,0.05,0.1,0.25,0.3297535947643271,0.00205716893314593
0.4,0.1,0.05,0.05,0.15,0.25,0.3297535947643271,0.00205716893314593
0.2,0.2,0.05,0.35,0.05,0.15,0.3296067252219131,0.002067244934163645
0.25,0.15,0.05,0.25,0.15,0.15,0.3296067252219131,0.002067244934163645
0.2,0.15,0.05,0.25,0.15,0.2,0.3296067252219131,0.002067244934163645
0.2,0.15,0.05,0.3,0.1,0.2,0.3296067252219131,0.002067244934163645
0.25,0.1,0.05,0.15,0.3,0.15,0.32945985567949904,0.002077365357752098
0.25,0.05,0.05,0.1,0.4,0.15,0.32945985567949904,0.002077365357752098
0.2,0.1,0.05,0.15,0.3,0.2,0.32945985567949904,0.002077365357752098
0.2,0.15,0.05,0.3,0.15,0.15,0.32945985567949904,0.002077365357752098
0.25,0.1,0.05,0.2,0.25,0.15,0.32945985567949904,0.002077365357752098
0.2,0.15,0.05,0.25,0.2,0.15,0.32945985567949904,0.002077365357752098
0.2,0.05,0.05,0.1,0.4,0.2,0.32945985567949904,0.002077365357752098
0.2,0.05,0.05,0.1,0.45,0.15,0.32945985567949904,0.002077365357752098
0.2,0.1,0.05,0.2,0.3,0.15,0.32945985567949904,0.002077365357752098
0.2,0.1,0.05,0.2,0.25,0.2,0.32945985567949904,0.002077365357752098
0.2,0.05,0.05,0.4,0.15,0.15,0.32673227846323827,0.00227360538479435
0.35,0.1,0.05,0.05,0.2,0.25,0.32606087484077406,0.0023243987383651044
0.4,0.15,0.05,0.05,0.1,0.25,0.32606087484077406,0.0023243987383651044
0.4,0.05,0.1,0.05,0.1,0.3,0.32606087484077406,0.0023243987383651044
0.3,0.1,0.05,0.05,0.2,0.3,0.32606087484077406,0.0023243987383651044
0.25,0.25,0.35,0.05,0.05,0.05,0.32591400529836,0.0023356448595168206
0.25,0.25,0.3,0.05,0.1,0.05,0.32591400529836,0.0023356448595168206
0.2,0.2,0.25,0.1,0.2,0.05,0.32591400529836,0.0023356448595168206
0.2,0.2,0.35,0.05,0.15,0.05,0.32591400529836,0.0023356448595168206
0.2,0.2,0.35,0.1,0.05,0.1,0.32591400529836,0.0023356448595168206
0.2,0.2,0.35,0.1,0.1,0.05,0.32591400529836,0.0023356448595168206
0.2,0.2,0.4,0.05,0.1,0.05,0.32591400529836,0.0023356448595168206
0.2,0.2,0.25,0.05,0.15,0.15,0.32591400529836,0.0023356448595168206
0.2,0.2,0.25,0.05,0.2,0.1,0.32591400529836,0.0023356448595168206
0.2,0.2,0.35,0.05,0.1,0.1,0.32591400529836,0.0023356448595168206
0.2,0.25,0.35,0.05,0.1,0.05,0.32591400529836,0.0023356448595168206
0.35,0.1,0.1,0.05,0.1,0.3,0.32591400529836,0.0023356448595168206
0.2,0.2,0.3,0.05,0.15,0.1,0.32591400529836,0.0023356448595168206
0.2,0.2,0.4,0.1,0.05,0.05,0.32591400529836,0.0023356448595168206
0.2,0.2,0.45,0.05,0.05,0.05,0.32591400529836,0.0023356448595168206
0.2,0.2,0.3,0.1,0.1,0.1,0.32591400529836,0.0023356448595168206
0.2,0.2,0.3,0.1,0.15,0.05,0.32591400529836,0.0023356448595168206
0.2,0.2,0.3,0.05,0.2,0.05,0.32591400529836,0.0023356448595168206
0.3,0.2,0.25,0.05,0.15,0.05,0.32591400529836,0.0023356448595168206
0.25,0.2,0.3,0.05,0.15,0.05,0.32591400529836,0.0023356448595168206
0.25,0.05,0.1,0.05,0.2,0.35,0.32591400529836,0.0023356448595168206
0.25,0.2,0.3,0.1,0.1,0.05,0.32591400529836,0.0023356448595168206
0.2,0.25,0.3,0.1,0.1,0.05,0.32591400529836,0.0023356448595168206
0.25,0.2,0.35,0.05,0.1,0.05,0.32591400529836,0.0023356448595168206
0.2,0.25,0.3,0.05,0.1,0.1,0.32591400529836,0.0023356448595168206
0.2,0.2,0.2,0.05,0.25,0.1,0.32591400529836,0.0023356448595168206
0.25,0.25,0.25,0.05,0.15,0.05,0.32591400529836,0.0023356448595168206
0.2,0.15,0.35,0.1,0.15,0.05,0.32591400529836,0.0023356448595168206
0.2,0.15,0.45,0.05,0.1,0.05,0.32591400529836,0.0023356448595168206
0.2,0.15,0.4,0.15,0.05,0.05,0.32591400529836,0.0023356448595168206
0.3,0.05,0.1,0.05,0.15,0.35,0.32591400529836,0.0023356448595168206
0.35,0.05,0.1,0.05,0.15,0.3,0.32591400529836,0.0023356448595168206
0.2,0.25,0.3,0.05,0.15,0.05,0.32591400529836,0.0023356448595168206
0.2,0.15,0.35,0.05,0.15,0.1,0.32591400529836,0.0023356448595168206
0.25,0.1,0.1,0.05,0.15,0.35,0.32591400529836,0.0023356448595168206
0.2,0.15,0.4,0.05,0.15,0.05,0.32591400529836,0.0023356448595168206
0.2,0.15,0.4,0.1,0.1,0.05,0.32591400529836,0.0023356448595168206
0.25,0.2,0.25,0.05,0.15,0.1,0.32591400529836,0.0023356448595168206
0.25,0.2,0.25,0.05,0.2,0.05,0.32591400529836,0.0023356448595168206
0.25,0.1,0.05,0.05,0.25,0.3,0.32591400529836,0.0023356448595168206
0.2,0.15,0.3,0.05,0.2,0.1,0.32591400529836,0.0023356448595168206
0.25,0.15,0.35,0.05,0.15,0.05,0.32591400529836,0.0023356448595168206
0.25,0.25,0.3,0.1,0.05,0.05,0.32591400529836,0.0023356448595168206
0.2,0.3,0.3,0.05,0.1,0.05,0.32591400529836,0.0023356448595168206
0.2,0.25,0.25,0.05,0.2,0.05,0.32591400529836,0.0023356448595168206
0.2,0.15,0.3,0.1,0.15,0.1,0.32591400529836,0.0023356448595168206
0.25,0.15,0.25,0.05,0.2,0.1,0.32591400529836,0.0023356448595168206
0.3,0.25,0.25,0.05,0.1,0.05,0.32591400529836,0.0023356448595168206
0.2,0.15,0.25,0.05,0.2,0.15,0.32591400529836,0.0023356448595168206
0.2,0.25,0.25,0.1,0.15,0.05,0.32591400529836,0.0023356448595168206
0.2,0.25,0.25,0.1,0.1,0.1,0.32591400529836,0.0023356448595168206
0.2,0.15,0.2,0.05,0.35,0.05,0.32576713575594596,0.0023469398722541974
0.2,0.15,0.2,0.05,0.3,0.1,0.32576713575594596,0.0023469398722541974
0.2,0.1,0.4,0.1,0.15,0.05,0.32576713575594596,0.0023469398722541974
0.2,0.1,0.4,0.05,0.2,0.05,0.32576713575594596,0.0023469398722541974
0.2,0.1,0.35,0.05,0.2,0.1,0.32576713575594596,0.0023469398722541974
0.2,0.2,0.25,0.05,0.25,0.05,0.32576713575594596,0.0023469398722541974
0.25,0.1,0.3,0.05,0.25,0.05,0.32576713575594596,0.0023469398722541974
0.2,0.2,0.2,0.05,0.3,0.05,0.32576713575594596,0.0023469398722541974
0.2,0.15,0.35,0.05,0.2,0.05,0.32576713575594596,0.0023469398722541974
0.25,0.2,0.2,0.05,0.25,0.05,0.32576713575594596,0.0023469398722541974
0.2,0.1,0.45,0.05,0.15,0.05,0.32576713575594596,0.0023469398722541974
0.25,0.05,0.3,0.05,0.3,0.05,0.32576713575594596,0.0023469398722541974
0.2,0.1,0.35,0.05,0.25,0.05,0.32576713575594596,0.0023469398722541974
0.2,0.1,0.35,0.1,0.2,0.05,0.32576713575594596,0.0023469398722541974
0.2,0.1,0.3,0.05,0.3,0.05,0.32576713575594596,0.0023469398722541974
0.2,0.1,0.3,0.05,0.25,0.1,0.32576713575594596,0.0023469398722541974
0.2,0.1,0.25,0.05,0.35,0.05,0.32576713575594596,0.0023469398722541974
0.2,0.1,0.25,0.05,0.3,0.1,0.32576713575594596,0.0023469398722541974
0.2,0.1,0.25,0.05,0.25,0.15,0.32576713575594596,0.0023469398722541974
0.2,0.15,0.3,0.1,0.2,0.05,0.32576713575594596,0.0023469398722541974
0.2,0.15,0.3,0.05,0.25,0.05,0.32576713575594596,0.0023469398722541974
0.2,0.05,0.3,0.05,0.35,0.05,0.32576713575594596,0.0023469398722541974
0.2,0.05,0.3,0.05,0.3,0.1,0.32576713575594596,0.0023469398722541974
0.25,0.15,0.3,0.05,0.2,0.05,0.32576713575594596,0.0023469398722541974
0.2,0.05,0.4,0.05,0.25,0.05,0.32576713575594596,0.0023469398722541974
0.2,0.05,0.35,0.1,0.25,0.05,0.32576713575594596,0.0023469398722541974
0.2,0.05,0.35,0.05,0.3,0.05,0.32576713575594596,0.0023469398722541974
0.2,0.05,0.35,0.05,0.25,0.1,0.32576713575594596,0.0023469398722541974
0.25,0.15,0.25,0.05,0.25,0.05,0.32576713575594596,0.0023469398722541974
0.2,0.05,0.4,0.1,0.2,0.05,0.32576713575594596,0.0023469398722541974
0.2,0.15,0.25,0.05,0.25,0.1,0.32576713575594596,0.0023469398722541974
0.2,0.15,0.25,0.05,0.3,0.05,0.32576713575594596,0.0023469398722541974
0.25,0.1,0.25,0.05,0.3,0.05,0.32576713575594596,0.0023469398722541974
0.2,0.05,0.1,0.05,0.25,0.35,0.32576713575594596,0.0023469398722541974
0.2,0.3,0.1,0.2,0.1,0.1,0.3225150244596351,0.002609958959229922
0.2,0.3,0.1,0.2,0.15,0.05,0.3225150244596351,0.002609958959229922
0.2,0.3,0.1,0.25,0.1,0.05,0.3225150244596351,0.002609958959229922
0.35,0.25,0.05,0.15,0.15,0.05,0.3225150244596351,0.002609958959229922
0.35,0.25,0.05,0.2,0.1,0.05,0.3225150244596351,0.002609958959229922
0.3,0.2,0.05,0.2,0.1,0.15,0.3225150244596351,0.002609958959229922
0.35,0.2,0.05,0.05,0.25,0.1,0.3225150244596351,0.002609958959229922
0.2,0.3,0.05,0.1,0.3,0.05,0.3225150244596351,0.002609958959229922
0.35,0.2,0.1,0.05,0.25,0.05,0.3225150244596351,0.002609958959229922
0.35,0.2,0.1,0.1,0.2,0.05,0.3225150244596351,0.002609958959229922
0.2,0.3,0.05,0.15,0.2,0.1,0.3225150244596351,0.002609958959229922
0.2,0.3,0.05,0.15,0.25,0.05,0.3225150244596351,0.002609958959229922
0.2,0.3,0.1,0.15,0.2,0.05,0.3225150244596351,0.002609958959229922
0.5,0.15,0.05,0.05,0.1,0.15,0.3225150244596351,0.002609958959229922
0.35,0.3,0.05,0.1,0.15,0.05,0.3225150244596351,0.002609958959229922
0.3,0.35,0.05,0.15,0.1,0.05,0.3225150244596351,0.002609958959229922
0.25,0.3,0.05,0.15,0.2,0.05,0.3225150244596351,0.002609958959229922
0.25,0.3,0.05,0.2,0.1,0.1,0.3225150244596351,0.002609958959229922
0.25,0.3,0.05,0.2,0.15,0.05,0.3225150244596351,0.002609958959229922
0.25,0.3,0.05,0.25,0.05,0.1,0.3225150244596351,0.002609958959229922
0.25,0.3,0.05,0.25,0.1,0.05,0.3225150244596351,0.002609958959229922
0.25,0.3,0.05,0.3,0.05,0.05,0.3225150244596351,0.002609958959229922
0.25,0.25,0.15,0.15,0.15,0.05,0.3225150244596351,0.002609958959229922
0.25,0.25,0.1,0.1,0.25,0.05,0.3225150244596351,0.002609958959229922
0.3,0.3,0.1,0.15,0.1,0.05,0.3225150244596351,0.002609958959229922
0.3,0.3,0.1,0.2,0.05,0.05,0.3225150244596351,0.002609958959229922
0.2,0.3,0.05,0.3,0.05,0.1,0.3225150244596351,0.002609958959229922
0.3,0.3,0.05,0.2,0.1,0.05,0.3225150244596351,0.002609958959229922
0.3,0.3,0.05,0.25,0.05,0.05,0.3225150244596351,0.002609958959229922
0.35,0.3,0.05,0.15,0.1,0.05,0.3225150244596351,0.002609958959229922
0.35,0.3,0.05,0.2,0.05,0.05,0.3225150244596351,0.002609958959229922
0.35,0.25,0.1,0.1,0.15,0.05,0.3225150244596351,0.002609958959229922
0.35,0.15,0.05,0.1,0.2,0.15,0.3225150244596351,0.002609958959229922
0.35,0.15,0.05,0.1,0.15,0.2,0.3225150244596351,0.002609958959229922
0.35,0.3,0.1,0.15,0.05,0.05,0.3225150244596351,0.002609958959229922
0.25,0.25,0.1,0.15,0.15,0.1,0.3225150244596351,0.002609958959229922
0.25,0.25,0.1,0.15,0.2,0.05,0.3225150244596351,0.002609958959229922
0.25,0.25,0.1,0.2,0.1,0.1,0.3225150244596351,0.002609958959229922
0.2,0.15,0.2,0.2,0.05,0.2,0.3225150244596351,0.002609958959229922
0.3,0.25,0.05,0.2,0.1,0.1,0.3225150244596351,0.002609958959229922
0.3,0.25,0.05,0.2,0.15,0.05,0.3225150244596351,0.002609958959229922
0.3,0.25,0.05,0.25,0.05,0.1,0.3225150244596351,0.002609958959229922
0.35,0.2,0.05,0.15,0.05,0.2,0.3225150244596351,0.002609958959229922
0.25,0.25,0.1,0.2,0.15,0.05,0.3225150244596351,0.002609958959229922
0.25,0.25,0.1,0.25,0.05,0.1,0.3225150244596351,0.002609958959229922
0.25,0.3,0.05,0.15,0.15,0.1,0.3225150244596351,0.002609958959229922
0.35,0.35,0.05,0.15,0.05,0.05,0.3225150244596351,0.002609958959229922
0.25,0.35,0.05,0.15,0.15,0.05,0.3225150244596351,0.002609958959229922
0.3,0.15,0.05,0.15,0.2,0.15,0.3225150244596351,0.002609958959229922
0.25,0.35,0.05,0.2,0.1,0.05,0.3225150244596351,0.002609958959229922
0.3,0.3,0.05,0.2,0.05,0.1,0.3225150244596351,0.002609958959229922
0.3,0.25,0.15,0.15,0.1,0.05,0.3225150244596351,0.002609958959229922
0.25,0.15,0.15,0.2,0.05,0.2,0.3225150244596351,0.002609958959229922
0.25,0.25,0.05,0.3,0.05,0.1,0.3225150244596351,0.002609958959229922
0.2,0.25,0.05,0.2,0.2,0.1,0.3225150244596351,0.002609958959229922
0.2,0.25,0.05,0.25,0.15,0.1,0.3225150244596351,0.002609958959229922
0.2,0.25,0.05,0.25,0.2,0.05,0.3225150244596351,0.002609958959229922
0.2,0.2,0.15,0.15,0.15,0.15,0.3225150244596351,0.002609958959229922
0.2,0.2,0.15,0.2,0.05,0.2,0.3225150244596351,0.002609958959229922
0.45,0.2,0.05,0.1,0.05,0.15,0.3225150244596351,0.002609958959229922
0.3,0.15,0.05,0.1,0.15,0.25,0.3225150244596351,0.002609958959229922
0.3,0.15,0.05,0.1,0.2,0.2,0.3225150244596351,0.002609958959229922
0.4,0.2,0.05,0.1,0.1,0.15,0.3225150244596351,0.002609958959229922
0.25,0.25,0.05,0.15,0.1,0.2,0.3225150244596351,0.002609958959229922
0.25,0.25,0.05,0.15,0.2,0.1,0.3225150244596351,0.002609958959229922
0.25,0.25,0.05,0.15,0.25,0.05,0.3225150244596351,0.002609958959229922
0.25,0.25,0.05,0.2,0.15,0.1,0.3225150244596351,0.002609958959229922
0.25,0.25,0.05,0.2,0.2,0.05,0.3225150244596351,0.002609958959229922
0.25,0.25,0.05,0.25,0.1,0.1,0.3225150244596351,0.002609958959229922
0.2,0.1,0.25,0.2,0.05,0.2,0.3225150244596351,0.002609958959229922
0.4,0.15,0.05,0.1,0.15,0.15,0.3225150244596351,0.002609958959229922
0.3,0.25,0.05,0.25,0.1,0.05,0.3225150244596351,0.002609958959229922
0.25,0.15,0.05,0.1,0.2,0.25,0.3225150244596351,0.002609958959229922
0.25,0.25,0.05,0.25,0.15,0.05,0.3225150244596351,0.002609958959229922
0.4,0.2,0.05,0.15,0.05,0.15,0.3225150244596351,0.002609958959229922
0.25,0.15,0.1,0.2,0.05,0.25,0.3225150244596351,0.002609958959229922
0.3,0.3,0.05,0.1,0.2,0.05,0.3225150244596351,0.002609958959229922
0.3,0.3,0.05,0.15,0.1,0.1,0.3225150244596351,0.002609958959229922
0.3,0.3,0.05,0.15,0.15,0.05,0.3225150244596351,0.002609958959229922
0.2,0.2,0.1,0.15,0.2,0.15,0.3225150244596351,0.002609958959229922
0.35,0.25,0.05,0.1,0.2,0.05,0.3225150244596351,0.002609958959229922
0.35,0.25,0.05,0.15,0.05,0.15,0.3225150244596351,0.002609958959229922
0.25,0.15,0.05,0.15,0.2,0.2,0.3225150244596351,0.002609958959229922
0.3,0.25,0.1,0.15,0.1,0.1,0.3225150244596351,0.002609958959229922
0.3,0.25,0.1,0.15,0.15,0.05,0.3225150244596351,0.002609958959229922
0.2,0.2,0.1,0.2,0.15,0.15,0.3225150244596351,0.002609958959229922
0.2,0.25,0.05,0.3,0.1,0.1,0.3225150244596351,0.002609958959229922
0.2,0.25,0.05,0.15,0.25,0.1,0.3225150244596351,0.002609958959229922
0.25,0.25,0.05,0.1,0.25,0.1,0.3225150244596351,0.002609958959229922
0.2,0.35,0.05,0.15,0.2,0.05,0.3225150244596351,0.002609958959229922
0.2,0.35,0.05,0.2,0.15,0.05,0.3225150244596351,0.002609958959229922
0.2,0.35,0.05,0.25,0.1,0.05,0.3225150244596351,0.002609958959229922
0.2,0.15,0.05,0.15,0.2,0.25,0.3225150244596351,0.002609958959229922
0.3,0.25,0.1,0.2,0.1,0.05,0.3225150244596351,0.002609958959229922
0.3,0.25,0.05,0.1,0.2,0.1,0.3225150244596351,0.002609958959229922
0.3,0.25,0.05,0.1,0.25,0.05,0.3225150244596351,0.002609958959229922
0.3,0.25,0.05,0.15,0.1,0.15,0.3225150244596351,0.002609958959229922
0.3,0.25,0.05,0.15,0.15,0.1,0.3225150244596351,0.002609958959229922
0.3,0.25,0.05,0.15,0.2,0.05,0.3225150244596351,0.002609958959229922
0.3,0.25,0.05,0.2,0.05,0.15,0.3225150244596351,0.002609958959229922
0.2,0.15,0.1,0.15,0.2,0.2,0.3225150244596351,0.002609958959229922
0.2,0.3,0.15,0.2,0.1,0.05,0.3225150244596351,0.002609958959229922
0.35,0.25,0.05,0.05,0.25,0.05,0.3225150244596351,0.002609958959229922
0.25,0.2,0.05,0.15,0.15,0.2,0.3225150244596351,0.002609958959229922
0.25,0.2,0.05,0.2,0.1,0.2,0.3225150244596351,0.002609958959229922
0.25,0.2,0.05,0.2,0.2,0.1,0.3225150244596351,0.002609958959229922
0.25,0.2,0.1,0.15,0.15,0.15,0.3225150244596351,0.002609958959229922
0.25,0.2,0.1,0.15,0.2,0.1,0.3225150244596351,0.002609958959229922
0.25,0.2,0.1,0.2,0.1,0.15,0.3225150244596351,0.002609958959229922
0.2,0.2,0.1,0.2,0.1,0.2,0.3225150244596351,0.002609958959229922
0.2,0.25,0.1,0.15,0.15,0.15,0.3225150244596351,0.002609958959229922
0.2,0.25,0.1,0.15,0.2,0.1,0.3225150244596351,0.002609958959229922
0.2,0.25,0.1,0.2,0.1,0.15,0.3225150244596351,0.002609958959229922
0.2,0.25,0.1,0.2,0.15,0.1,0.3225150244596351,0.002609958959229922
0.2,0.25,0.1,0.2,0.2,0.05,0.3225150244596351,0.002609958959229922
0.2,0.25,0.1,0.25,0.1,0.1,0.3225150244596351,0.002609958959229922
0.25,0.3,0.1,0.15,0.15,0.05,0.3225150244596351,0.002609958959229922
0.25,0.3,0.1,0.2,0.1,0.05,0.3225150244596351,0.002609958959229922
0.25,0.3,0.1,0.25,0.05,0.05,0.3225150244596351,0.002609958959229922
0.4,0.15,0.05,0.05,0.2,0.15,0.3225150244596351,0.002609958959229922
0.45,0.15,0.05,0.05,0.15,0.15,0.3225150244596351,0.002609958959229922
0.25,0.3,0.15,0.2,0.05,0.05,0.3225150244596351,0.002609958959229922
0.2,0.35,0.1,0.2,0.1,0.05,0.3225150244596351,0.002609958959229922
0.2,0.2,0.1,0.15,0.15,0.2,0.3225150244596351,0.002609958959229922
0.2,0.15,0.1,0.2,0.1,0.25,0.3225150244596351,0.002609958959229922
0.3,0.15,0.1,0.15,0.05,0.25,0.3225150244596351,0.002609958959229922
0.3,0.25,0.1,0.1,0.2,0.05,0.3225150244596351,0.002609958959229922
0.3,0.2,0.05,0.2,0.15,0.1,0.3225150244596351,0.002609958959229922
0.3,0.2,0.05,0.25,0.1,0.1,0.3225150244596351,0.002609958959229922
0.25,0.25,0.15,0.2,0.05,0.1,0.3225150244596351,0.002609958959229922
0.25,0.3,0.05,0.1,0.25,0.05,0.3225150244596351,0.002609958959229922
0.2,0.3,0.05,0.3,0.1,0.05,0.3225150244596351,0.002609958959229922
0.2,0.3,0.05,0.35,0.05,0.05,0.3225150244596351,0.002609958959229922
0.35,0.2,0.05,0.1,0.15,0.15,0.3225150244596351,0.002609958959229922
0.35,0.2,0.05,0.15,0.1,0.15,0.3225150244596351,0.002609958959229922
0.35,0.2,0.05,0.15,0.2,0.05,0.3225150244596351,0.002609958959229922
0.35,0.2,0.05,0.2,0.05,0.15,0.3225150244596351,0.002609958959229922
0.35,0.2,0.05,0.2,0.15,0.05,0.3225150244596351,0.002609958959229922
0.3,0.2,0.1,0.1,0.2,0.1,0.3225150244596351,0.002609958959229922
0.3,0.2,0.05,0.1,0.2,0.15,0.3225150244596351,0.002609958959229922
0.3,0.2,0.1,0.15,0.15,0.1,0.3225150244596351,0.002609958959229922
0.3,0.2,0.05,0.15,0.1,0.2,0.3225150244596351,0.002609958959229922
0.3,0.2,0.05,0.15,0.15,0.15,0.3225150244596351,0.002609958959229922
0.3,0.2,0.05,0.15,0.2,0.1,0.3225150244596351,0.002609958959229922
0.2,0.3,0.05,0.25,0.15,0.05,0.3225150244596351,0.002609958959229922
0.2,0.3,0.05,0.25,0.1,0.1,0.3225150244596351,0.002609958959229922
0.2,0.3,0.05,0.2,0.2,0.05,0.3225150244596351,0.002609958959229922
0.2,0.3,0.05,0.2,0.15,0.1,0.3225150244596351,0.002609958959229922
0.2,0.05,0.2,0.05,0.15,0.35,0.322368154917221,0.0026224383748369526
0.3,0.2,0.05,0.1,0.3,0.05,0.322368154917221,0.0026224383748369526
0.3,0.2,0.05,0.1,0.25,0.1,0.322368154917221,0.0026224383748369526
0.3,0.2,0.1,0.1,0.25,0.05,0.322368154917221,0.0026224383748369526
0.3,0.2,0.05,0.15,0.25,0.05,0.322368154917221,0.0026224383748369526
0.2,0.2,0.1,0.1,0.35,0.05,0.322368154917221,0.0026224383748369526
0.2,0.2,0.1,0.1,0.3,0.1,0.322368154917221,0.0026224383748369526
0.3,0.2,0.05,0.2,0.2,0.05,0.322368154917221,0.0026224383748369526
0.25,0.15,0.1,0.1,0.25,0.15,0.322368154917221,0.0026224383748369526
0.25,0.2,0.1,0.1,0.3,0.05,0.322368154917221,0.0026224383748369526
0.25,0.2,0.1,0.1,0.25,0.1,0.322368154917221,0.0026224383748369526
0.2,0.15,0.05,0.05,0.5,0.05,0.322368154917221,0.0026224383748369526
0.25,0.2,0.05,0.15,0.3,0.05,0.322368154917221,0.0026224383748369526
0.2,0.15,0.05,0.05,0.45,0.1,0.322368154917221,0.0026224383748369526
0.25,0.2,0.05,0.15,0.25,0.1,0.322368154917221,0.0026224383748369526
0.2,0.2,0.1,0.15,0.25,0.1,0.322368154917221,0.0026224383748369526
0.2,0.25,0.1,0.15,0.25,0.05,0.322368154917221,0.0026224383748369526
0.2,0.15,0.05,0.1,0.4,0.1,0.322368154917221,0.0026224383748369526
0.2,0.25,0.05,0.15,0.3,0.05,0.322368154917221,0.0026224383748369526
0.25,0.25,0.05,0.1,0.3,0.05,0.322368154917221,0.0026224383748369526
0.2,0.25,0.05,0.1,0.35,0.05,0.322368154917221,0.0026224383748369526
0.35,0.15,0.1,0.05,0.3,0.05,0.322368154917221,0.0026224383748369526
0.25,0.15,0.05,0.1,0.4,0.05,0.322368154917221,0.0026224383748369526
0.25,0.15,0.05,0.15,0.3,0.1,0.322368154917221,0.0026224383748369526
0.3,0.25,0.05,0.05,0.3,0.05,0.322368154917221,0.0026224383748369526
0.25,0.2,0.05,0.05,0.4,0.05,0.322368154917221,0.0026224383748369526
0.2,0.2,0.05,0.2,0.25,0.1,0.322368154917221,0.0026224383748369526
0.2,0.25,0.1,0.1,0.3,0.05,0.322368154917221,0.0026224383748369526
0.2,0.2,0.05,0.1,0.4,0.05,0.322368154917221,0.0026224383748369526
0.3,0.1,0.05,0.05,0.3,0.2,0.322368154917221,0.0026224383748369526
0.25,0.2,0.05,0.1,0.3,0.1,0.322368154917221,0.0026224383748369526
0.25,0.2,0.05,0.1,0.35,0.05,0.322368154917221,0.0026224383748369526
0.25,0.1,0.05,0.05,0.45,0.1,0.322368154917221,0.0026224383748369526
0.2,0.1,0.05,0.05,0.5,0.1,0.322368154917221,0.0026224383748369526
0.25,0.1,0.05,0.1,0.3,0.2,0.322368154917221,0.0026224383748369526
0.3,0.15,0.05,0.1,0.35,0.05,0.322368154917221,0.0026224383748369526
0.3,0.15,0.05,0.05,0.35,0.1,0.322368154917221,0.0026224383748369526
0.2,0.15,0.1,0.1,0.3,0.15,0.322368154917221,0.0026224383748369526
0.3,0.15,0.05,0.15,0.25,0.1,0.322368154917221,0.0026224383748369526
0.35,0.15,0.05,0.05,0.35,0.05,0.322368154917221,0.0026224383748369526
0.2,0.05,0.15,0.1,0.15,0.35,0.322368154917221,0.0026224383748369526
0.35,0.15,0.05,0.1,0.3,0.05,0.322368154917221,0.0026224383748369526
0.35,0.15,0.05,0.05,0.25,0.15,0.322368154917221,0.0026224383748369526
0.35,0.2,0.05,0.1,0.25,0.05,0.322368154917221,0.0026224383748369526
0.3,0.2,0.05,0.05,0.35,0.05,0.322368154917221,0.0026224383748369526
0.3,0.2,0.05,0.05,0.3,0.1,0.322368154917221,0.0026224383748369526
0.35,0.1,0.05,0.05,0.3,0.15,0.322368154917221,0.0026224383748369526
0.2,0.25,0.05,0.2,0.25,0.05,0.322368154917221,0.0026224383748369526
0.3,0.15,0.05,0.05,0.4,0.05,0.322368154917221,0.0026224383748369526
0.3,0.15,0.05,0.1,0.25,0.15,0.322368154917221,0.0026224383748369526
0.3,0.15,0.05,0.1,0.3,0.1,0.322368154917221,0.0026224383748369526
0.25,0.15,0.05,0.05,0.45,0.05,0.322368154917221,0.0026224383748369526
0.2,0.25,0.05,0.1,0.3,0.1,0.322368154917221,0.0026224383748369526
0.2,0.2,0.05,0.05,0.45,0.05,0.322368154917221,0.0026224383748369526
0.2,0.2,0.05,0.15,0.35,0.05,0.322368154917221,0.0026224383748369526
0.2,0.2,0.05,0.15,0.3,0.1,0.322368154917221,0.0026224383748369526
0.25,0.15,0.05,0.05,0.4,0.1,0.322368154917221,0.0026224383748369526
0.3,0.1,0.05,0.1,0.3,0.15,0.322368154917221,0.0026224383748369526
0.3,0.1,0.05,0.05,0.4,0.1,0.322368154917221,0.0026224383748369526
0.3,0.15,0.1,0.05,0.35,0.05,0.322368154917221,0.0026224383748369526
0.2,0.2,0.05,0.1,0.35,0.1,0.322368154917221,0.0026224383748369526
0.25,0.15,0.05,0.1,0.35,0.1,0.322368154917221,0.0026224383748369526
0.3,0.15,0.1,0.1,0.25,0.1,0.322368154917221,0.0026224383748369526
0.35,0.2,0.05,0.05,0.3,0.05,0.322368154917221,0.0026224383748369526
0.2,0.15,0.05,0.35,0.05,0.2,0.3194097827057382,0.0028854813387272694
0.35,0.05,0.1,0.15,0.05,0.3,0.3194097827057382,0.0028854813387272694
0.2,0.15,0.1,0.05,0.4,0.1,0.31867543499366796,0.0029543338305264995
0.3,0.15,0.1,0.05,0.3,0.1,0.31867543499366796,0.0029543338305264995
0.2,0.15,0.1,0.1,0.25,0.2,0.31867543499366796,0.0029543338305264995
0.25,0.2,0.1,0.05,0.35,0.05,0.31867543499366796,0.0029543338305264995
0.2,0.25,0.05,0.05,0.4,0.05,0.31867543499366796,0.0029543338305264995
0.3,0.2,0.1,0.05,0.3,0.05,0.31867543499366796,0.0029543338305264995
0.25,0.25,0.05,0.05,0.35,0.05,0.31867543499366796,0.0029543338305264995
0.25,0.2,0.05,0.05,0.35,0.1,0.31867543499366796,0.0029543338305264995
0.25,0.1,0.05,0.05,0.3,0.25,0.31867543499366796,0.0029543338305264995
0.2,0.2,0.1,0.05,0.4,0.05,0.31867543499366796,0.0029543338305264995
0.2,0.2,0.05,0.05,0.4,0.1,0.31867543499366796,0.0029543338305264995
0.25,0.15,0.1,0.05,0.35,0.1,0.31867543499366796,0.0029543338305264995
0.45,0.15,0.05,0.05,0.1,0.2,0.31557019323977104,0.0032620348908127743
0.2,0.25,0.15,0.15,0.15,0.1,0.31542332369735704,0.0032772735704175056
0.25,0.3,0.05,0.1,0.2,0.1,0.31542332369735704,0.0032772735704175056
0.35,0.2,0.05,0.1,0.1,0.2,0.31542332369735704,0.0032772735704175056
0.3,0.25,0.1,0.1,0.15,0.1,0.31542332369735704,0.0032772735704175056
0.25,0.4,0.05,0.1,0.15,0.05,0.31542332369735704,0.0032772735704175056
0.3,0.2,0.05,0.1,0.15,0.2,0.31542332369735704,0.0032772735704175056
0.2,0.3,0.1,0.15,0.15,0.1,0.31542332369735704,0.0032772735704175056
0.2,0.25,0.1,0.15,0.1,0.2,0.31542332369735704,0.0032772735704175056
0.25,0.2,0.1,0.1,0.2,0.15,0.31542332369735704,0.0032772735704175056
0.3,0.25,0.05,0.1,0.1,0.2,0.31542332369735704,0.0032772735704175056
0.2,0.3,0.15,0.15,0.1,0.1,0.31542332369735704,0.0032772735704175056
0.25,0.2,0.05,0.1,0.15,0.25,0.31542332369735704,0.0032772735704175056
0.2,0.3,0.15,0.15,0.15,0.05,0.31542332369735704,0.0032772735704175056
0.25,0.3,0.15,0.15,0.1,0.05,0.31542332369735704,0.0032772735704175056
0.2,0.35,0.1,0.15,0.15,0.05,0.31542332369735704,0.0032772735704175056
0.25,0.35,0.05,0.1,0.15,0.1,0.31542332369735704,0.0032772735704175056
0.4,0.2,0.05,0.05,0.15,0.15,0.31542332369735704,0.0032772735704175056
0.25,0.35,0.05,0.1,0.2,0.05,0.31542332369735704,0.0032772735704175056
0.35,0.25,0.05,0.1,0.1,0.15,0.31542332369735704,0.0032772735704175056
0.2,0.25,0.15,0.15,0.1,0.15,0.31542332369735704,0.0032772735704175056
0.35,0.3,0.1,0.1,0.1,0.05,0.31542332369735704,0.0032772735704175056
0.45,0.2,0.05,0.05,0.1,0.15,0.31542332369735704,0.0032772735704175056
0.25,0.15,0.2,0.15,0.05,0.2,0.31542332369735704,0.0032772735704175056
0.3,0.3,0.05,0.1,0.15,0.1,0.31542332369735704,0.0032772735704175056
0.4,0.2,0.05,0.1,0.05,0.2,0.31542332369735704,0.0032772735704175056
0.25,0.3,0.1,0.15,0.1,0.1,0.31542332369735704,0.0032772735704175056
0.45,0.25,0.05,0.05,0.05,0.15,0.31542332369735704,0.0032772735704175056
0.25,0.25,0.1,0.15,0.1,0.15,0.31542332369735704,0.0032772735704175056
0.2,0.4,0.05,0.15,0.15,0.05,0.31542332369735704,0.0032772735704175056
0.5,0.2,0.05,0.05,0.05,0.15,0.31542332369735704,0.0032772735704175056
0.4,0.25,0.05,0.1,0.05,0.15,0.31542332369735704,0.0032772735704175056
0.25,0.35,0.1,0.15,0.1,0.05,0.31542332369735704,0.0032772735704175056
0.25,0.3,0.1,0.1,0.2,0.05,0.31542332369735704,0.0032772735704175056
0.2,0.35,0.05,0.15,0.15,0.1,0.31542332369735704,0.0032772735704175056
0.3,0.2,0.05,0.1,0.1,0.25,0.31542332369735704,0.0032772735704175056
0.35,0.35,0.05,0.1,0.1,0.05,0.31542332369735704,0.0032772735704175056
0.25,0.35,0.05,0.15,0.1,0.1,0.31542332369735704,0.0032772735704175056
0.3,0.25,0.15,0.1,0.15,0.05,0.31542332369735704,0.0032772735704175056
0.4,0.3,0.05,0.05,0.15,0.05,0.31542332369735704,0.0032772735704175056
0.3,0.3,0.1,0.15,0.05,0.1,0.31542332369735704,0.0032772735704175056
0.2,0.35,0.05,0.1,0.25,0.05,0.31542332369735704,0.0032772735704175056
0.3,0.3,0.1,0.1,0.15,0.05,0.31542332369735704,0.0032772735704175056
0.3,0.3,0.15,0.15,0.05,0.05,0.31542332369735704,0.0032772735704175056
0.25,0.25,0.1,0.1,0.2,0.1,0.31542332369735704,0.0032772735704175056
0.25,0.25,0.15,0.15,0.1,0.1,0.31542332369735704,0.0032772735704175056
0.3,0.35,0.05,0.1,0.15,0.05,0.31542332369735704,0.0032772735704175056
0.3,0.35,0.05,0.1,0.1,0.1,0.31542332369735704,0.0032772735704175056
0.35,0.3,0.05,0.1,0.05,0.15,0.31542332369735704,0.0032772735704175056
0.4,0.15,0.05,0.05,0.15,0.2,0.31542332369735704,0.0032772735704175056
0.2,0.3,0.05,0.1,0.25,0.1,0.31542332369735704,0.0032772735704175056
0.2,0.3,0.1,0.15,0.1,0.15,0.31542332369735704,0.0032772735704175056
0.2,0.3,0.1,0.1,0.25,0.05,0.311730603773804,0.0036819471042276375
0.2,0.3,0.1,0.1,0.2,0.1,0.311730603773804,0.0036819471042276375
0.2,0.3,0.1,0.1,0.15,0.15,0.311730603773804,0.0036819471042276375
0.2,0.3,0.1,0.05,0.2,0.15,0.311730603773804,0.0036819471042276375
0.2,0.3,0.1,0.05,0.15,0.2,0.311730603773804,0.0036819471042276375
0.35,0.2,0.05,0.05,0.2,0.15,0.311730603773804,0.0036819471042276375
0.3,0.2,0.15,0.05,0.2,0.1,0.311730603773804,0.0036819471042276375
0.35,0.2,0.05,0.05,0.15,0.2,0.311730603773804,0.0036819471042276375
0.25,0.3,0.1,0.1,0.1,0.15,0.311730603773804,0.0036819471042276375
0.2,0.2,0.25,0.15,0.05,0.15,0.311730603773804,0.0036819471042276375
0.25,0.3,0.05,0.05,0.3,0.05,0.311730603773804,0.0036819471042276375
0.25,0.3,0.05,0.05,0.25,0.1,0.311730603773804,0.0036819471042276375
0.25,0.3,0.1,0.05,0.25,0.05,0.311730603773804,0.0036819471042276375
0.25,0.25,0.2,0.1,0.1,0.1,0.311730603773804,0.0036819471042276375
0.25,0.3,0.1,0.05,0.15,0.15,0.311730603773804,0.0036819471042276375
0.25,0.3,0.1,0.05,0.2,0.1,0.311730603773804,0.0036819471042276375
0.2,0.2,0.15,0.1,0.15,0.2,0.311730603773804,0.0036819471042276375
0.2,0.2,0.15,0.1,0.2,0.15,0.311730603773804,0.0036819471042276375
0.25,0.25,0.15,0.1,0.2,0.05,0.311730603773804,0.0036819471042276375
0.25,0.25,0.15,0.1,0.15,0.1,0.311730603773804,0.0036819471042276375
0.25,0.25,0.15,0.1,0.1,0.15,0.311730603773804,0.0036819471042276375
0.25,0.25,0.15,0.05,0.2,0.1,0.311730603773804,0.0036819471042276375
0.25,0.25,0.15,0.05,0.15,0.15,0.311730603773804,0.0036819471042276375
0.2,0.2,0.2,0.15,0.05,0.2,0.311730603773804,0.0036819471042276375
0.25,0.25,0.1,0.1,0.15,0.15,0.311730603773804,0.0036819471042276375
0.3,0.05,0.3,0.05,0.05,0.25,0.311730603773804,0.0036819471042276375
0.2,0.25,0.1,0.05,0.3,0.1,0.311730603773804,0.0036819471042276375
0.35,0.1,0.15,0.05,0.05,0.3,0.311730603773804,0.0036819471042276375
0.25,0.25,0.1,0.05,0.2,0.15,0.311730603773804,0.0036819471042276375
0.25,0.25,0.1,0.05,0.15,0.2,0.311730603773804,0.0036819471042276375
0.25,0.25,0.1,0.05,0.25,0.1,0.311730603773804,0.0036819471042276375
0.25,0.3,0.1,0.1,0.15,0.1,0.311730603773804,0.0036819471042276375
0.2,0.25,0.1,0.1,0.2,0.15,0.311730603773804,0.0036819471042276375
0.25,0.2,0.15,0.05,0.2,0.15,0.311730603773804,0.0036819471042276375
0.25,0.3,0.15,0.05,0.1,0.15,0.311730603773804,0.0036819471042276375
0.2,0.1,0.3,0.15,0.05,0.2,0.311730603773804,0.0036819471042276375
0.25,0.2,0.15,0.1,0.2,0.1,0.311730603773804,0.0036819471042276375
0.25,0.2,0.15,0.1,0.15,0.15,0.311730603773804,0.0036819471042276375
0.2,0.25,0.15,0.1,0.15,0.15,0.311730603773804,0.0036819471042276375
0.2,0.25,0.15,0.1,0.2,0.1,0.311730603773804,0.0036819471042276375
0.2,0.25,0.1,0.05,0.2,0.2,0.311730603773804,0.0036819471042276375
0.2,0.25,0.1,0.05,0.15,0.25,0.311730603773804,0.0036819471042276375
0.4,0.05,0.15,0.05,0.05,0.3,0.311730603773804,0.0036819471042276375
0.2,0.25,0.1,0.05,0.25,0.15,0.311730603773804,0.0036819471042276375
0.2,0.4,0.05,0.1,0.2,0.05,0.311730603773804,0.0036819471042276375
0.2,0.2,0.15,0.05,0.2,0.2,0.311730603773804,0.0036819471042276375
0.2,0.2,0.15,0.05,0.25,0.15,0.311730603773804,0.0036819471042276375
0.25,0.25,0.05,0.05,0.3,0.1,0.311730603773804,0.0036819471042276375
0.2,0.2,0.1,0.1,0.25,0.15,0.311730603773804,0.0036819471042276375
0.2,0.25,0.1,0.1,0.15,0.2,0.311730603773804,0.0036819471042276375
0.2,0.2,0.1,0.1,0.2,0.2,0.311730603773804,0.0036819471042276375
0.2,0.25,0.1,0.1,0.25,0.1,0.311730603773804,0.0036819471042276375
0.2,0.1,0.35,0.1,0.05,0.2,0.311730603773804,0.0036819471042276375
0.25,0.2,0.15,0.05,0.25,0.1,0.311730603773804,0.0036819471042276375
0.25,0.3,0.15,0.1,0.15,0.05,0.311730603773804,0.0036819471042276375
0.25,0.3,0.15,0.1,0.1,0.1,0.311730603773804,0.0036819471042276375
0.2,0.25,0.15,0.05,0.15,0.2,0.311730603773804,0.0036819471042276375
0.35,0.1,0.15,0.1,0.05,0.25,0.311730603773804,0.0036819471042276375
0.25,0.35,0.05,0.05,0.2,0.1,0.311730603773804,0.0036819471042276375
0.25,0.35,0.05,0.05,0.25,0.05,0.311730603773804,0.0036819471042276375
0.25,0.05,0.35,0.05,0.05,0.25,0.311730603773804,0.0036819471042276375
0.25,0.05,0.3,0.1,0.05,0.25,0.311730603773804,0.0036819471042276375
0.2,0.2,0.1,0.05,0.25,0.2,0.311730603773804,0.0036819471042276375
0.2,0.2,0.1,0.05,0.2,0.25,0.311730603773804,0.0036819471042276375
0.35,0.3,0.05,0.05,0.1,0.15,0.311730603773804,0.0036819471042276375
0.2,0.15,0.1,0.1,0.15,0.3,0.311730603773804,0.0036819471042276375
0.2,0.15,0.1,0.05,0.2,0.3,0.311730603773804,0.0036819471042276375
0.2,0.15,0.1,0.05,0.25,0.25,0.311730603773804,0.0036819471042276375
0.3,0.3,0.1,0.1,0.1,0.1,0.311730603773804,0.0036819471042276375
0.35,0.3,0.05,0.05,0.2,0.05,0.311730603773804,0.0036819471042276375
0.3,0.3,0.1,0.05,0.15,0.1,0.311730603773804,0.0036819471042276375
0.3,0.3,0.1,0.05,0.2,0.05,0.311730603773804,0.0036819471042276375
0.2,0.05,0.35,0.15,0.05,0.2,0.311730603773804,0.0036819471042276375
0.3,0.35,0.1,0.1,0.1,0.05,0.311730603773804,0.0036819471042276375
0.35,0.1,0.2,0.05,0.05,0.25,0.311730603773804,0.0036819471042276375
0.25,0.3,0.2,0.1,0.1,0.05,0.311730603773804,0.0036819471042276375
0.3,0.1,0.2,0.1,0.05,0.25,0.311730603773804,0.0036819471042276375
0.2,0.15,0.05,0.1,0.2,0.3,0.311730603773804,0.0036819471042276375
0.3,0.1,0.25,0.05,0.05,0.25,0.311730603773804,0.0036819471042276375
0.25,0.2,0.1,0.05,0.25,0.15,0.311730603773804,0.0036819471042276375
0.2,0.35,0.1,0.1,0.2,0.05,0.311730603773804,0.0036819471042276375
0.35,0.35,0.1,0.05,0.1,0.05,0.311730603773804,0.0036819471042276375
0.2,0.35,0.1,0.1,0.15,0.1,0.311730603773804,0.0036819471042276375
0.4,0.2,0.05,0.05,0.1,0.2,0.311730603773804,0.0036819471042276375
0.35,0.4,0.05,0.05,0.1,0.05,0.311730603773804,0.0036819471042276375
0.35,0.3,0.1,0.05,0.15,0.05,0.311730603773804,0.0036819471042276375
0.2,0.25,0.15,0.1,0.25,0.05,0.311730603773804,0.0036819471042276375
0.35,0.35,0.05,0.05,0.15,0.05,0.311730603773804,0.0036819471042276375
0.4,0.25,0.05,0.05,0.1,0.15,0.311730603773804,0.0036819471042276375
0.2,0.15,0.3,0.1,0.05,0.2,0.311730603773804,0.0036819471042276375
0.3,0.15,0.05,0.05,0.25,0.2,0.311730603773804,0.0036819471042276375
0.25,0.15,0.25,0.05,0.05,0.25,0.311730603773804,0.0036819471042276375
0.25,0.1,0.1,0.05,0.2,0.3,0.311730603773804,0.0036819471042276375
0.25,0.15,0.25,0.1,0.05,0.2,0.311730603773804,0.0036819471042276375
0.25,0.2,0.05,0.05,0.2,0.25,0.311730603773804,0.0036819471042276375
0.2,0.25,0.2,0.1,0.1,0.15,0.311730603773804,0.0036819471042276375
0.2,0.05,0.4,0.1,0.05,0.2,0.311730603773804,0.0036819471042276375
0.2,0.25,0.2,0.1,0.15,0.1,0.311730603773804,0.0036819471042276375
0.35,0.3,0.05,0.05,0.15,0.1,0.311730603773804,0.0036819471042276375
0.3,0.35,0.1,0.05,0.1,0.1,0.311730603773804,0.0036819471042276375
0.35,0.3,0.15,0.05,0.1,0.05,0.311730603773804,0.0036819471042276375
0.35,0.35,0.05,0.05,0.1,0.1,0.311730603773804,0.0036819471042276375
0.2,0.35,0.05,0.1,0.2,0.1,0.311730603773804,0.0036819471042276375
0.35,0.15,0.05,0.05,0.2,0.2,0.311730603773804,0.0036819471042276375
0.3,0.35,0.1,0.05,0.15,0.05,0.311730603773804,0.0036819471042276375
0.3,0.25,0.2,0.1,0.1,0.05,0.311730603773804,0.0036819471042276375
0.3,0.25,0.1,0.05,0.25,0.05,0.311730603773804,0.0036819471042276375
0.3,0.25,0.1,0.05,0.2,0.1,0.311730603773804,0.0036819471042276375
0.2,0.15,0.25,0.05,0.1,0.25,0.311730603773804,0.0036819471042276375
0.3,0.3,0.15,0.05,0.1,0.1,0.311730603773804,0.0036819471042276375
0.3,0.3,0.15,0.05,0.15,0.05,0.311730603773804,0.0036819471042276375
0.3,0.3,0.05,0.05,0.1,0.2,0.311730603773804,0.0036819471042276375
0.3,0.3,0.05,0.05,0.2,0.1,0.311730603773804,0.0036819471042276375
0.3,0.3,0.05,0.05,0.25,0.05,0.311730603773804,0.0036819471042276375
0.3,0.25,0.15,0.05,0.15,0.1,0.311730603773804,0.0036819471042276375
0.3,0.25,0.15,0.05,0.2,0.05,0.311730603773804,0.0036819471042276375
0.25,0.35,0.1,0.1,0.15,0.05,0.311730603773804,0.0036819471042276375
0.25,0.35,0.15,0.1,0.1,0.05,0.311730603773804,0.0036819471042276375
0.35,0.25,0.1,0.05,0.2,0.05,0.311730603773804,0.0036819471042276375
0.35,0.25,0.15,0.05,0.15,0.05,0.311730603773804,0.0036819471042276375
0.4,0.3,0.05,0.05,0.05,0.15,0.311730603773804,0.0036819471042276375
0.4,0.35,0.05,0.05,0.1,0.05,0.311730603773804,0.0036819471042276375
0.2,0.15,0.25,0.15,0.05,0.2,0.311730603773804,0.0036819471042276375
0.3,0.4,0.05,0.05,0.15,0.05,0.311730603773804,0.0036819471042276375
0.3,0.3,0.15,0.1,0.1,0.05,0.311730603773804,0.0036819471042276375
0.3,0.3,0.2,0.1,0.05,0.05,0.311730603773804,0.0036819471042276375
0.3,0.35,0.05,0.05,0.15,0.1,0.311730603773804,0.0036819471042276375
0.3,0.35,0.05,0.05,0.2,0.05,0.311730603773804,0.0036819471042276375
0.2,0.3,0.15,0.1,0.15,0.1,0.311730603773804,0.0036819471042276375
0.2,0.3,0.05,0.05,0.3,0.1,0.311730603773804,0.0036819471042276375
0.3,0.25,0.05,0.05,0.15,0.2,0.311730603773804,0.0036819471042276375
0.2,0.15,0.15,0.1,0.2,0.2,0.311730603773804,0.0036819471042276375
0.25,0.15,0.05,0.05,0.25,0.25,0.311730603773804,0.0036819471042276375
0.3,0.2,0.05,0.05,0.2,0.2,0.311730603773804,0.0036819471042276375
0.2,0.15,0.2,0.1,0.1,0.25,0.311730603773804,0.0036819471042276375
0.25,0.1,0.3,0.1,0.05,0.2,0.311730603773804,0.0036819471042276375
0.3,0.2,0.1,0.05,0.25,0.1,0.311730603773804,0.0036819471042276375
0.25,0.1,0.25,0.1,0.05,0.25,0.311730603773804,0.0036819471042276375
0.2,0.3,0.15,0.1,0.2,0.05,0.311730603773804,0.0036819471042276375
0.25,0.1,0.3,0.05,0.05,0.25,0.311730603773804,0.0036819471042276375
0.35,0.25,0.05,0.05,0.1,0.2,0.311730603773804,0.0036819471042276375
0.35,0.25,0.05,0.05,0.2,0.1,0.311730603773804,0.0036819471042276375
0.3,0.25,0.05,0.05,0.25,0.1,0.311730603773804,0.0036819471042276375
0.25,0.1,0.15,0.1,0.1,0.3,0.311730603773804,0.0036819471042276375
0.35,0.25,0.05,0.05,0.15,0.15,0.311730603773804,0.0036819471042276375
0.3,0.15,0.25,0.05,0.05,0.2,0.311730603773804,0.0036819471042276375
0.25,0.4,0.05,0.05,0.15,0.1,0.311730603773804,0.0036819471042276375
0.2,0.3,0.2,0.15,0.1,0.05,0.311730603773804,0.0036819471042276375
0.25,0.15,0.1,0.05,0.15,0.3,0.311730603773804,0.0036819471042276375
0.2,0.2,0.1,0.05,0.3,0.15,0.31158373423138996,0.0036989264452243153
0.3,0.2,0.15,0.05,0.25,0.05,0.31158373423138996,0.0036989264452243153
0.2,0.2,0.15,0.1,0.25,0.1,0.31158373423138996,0.0036989264452243153
0.2,0.25,0.05,0.05,0.35,0.1,0.31158373423138996,0.0036989264452243153
0.25,0.25,0.1,0.05,0.3,0.05,0.31158373423138996,0.0036989264452243153
0.25,0.2,0.15,0.05,0.3,0.05,0.31158373423138996,0.0036989264452243153
0.2,0.1,0.1,0.05,0.25,0.3,0.31158373423138996,0.0036989264452243153
0.25,0.2,0.1,0.05,0.3,0.1,0.31158373423138996,0.0036989264452243153
0.2,0.1,0.1,0.05,0.35,0.2,0.31158373423138996,0.0036989264452243153
0.2,0.15,0.1,0.05,0.35,0.15,0.31158373423138996,0.0036989264452243153
0.2,0.15,0.1,0.05,0.3,0.2,0.31158373423138996,0.0036989264452243153
0.2,0.15,0.15,0.05,0.25,0.2,0.31158373423138996,0.0036989264452243153
0.25,0.15,0.15,0.05,0.25,0.15,0.31158373423138996,0.0036989264452243153
0.2,0.3,0.05,0.05,0.35,0.05,0.31158373423138996,0.0036989264452243153
0.2,0.2,0.1,0.05,0.35,0.1,0.31158373423138996,0.0036989264452243153
0.25,0.15,0.1,0.05,0.3,0.15,0.31158373423138996,0.0036989264452243153
0.2,0.15,0.15,0.05,0.3,0.15,0.31158373423138996,0.0036989264452243153
0.25,0.05,0.05,0.15,0.2,0.3,0.30877223156232114,0.0040377176472278006
0.25,0.15,0.05,0.1,0.15,0.3,0.30847849247749304,0.004074662101287195
0.45,0.2,0.05,0.05,0.05,0.2,0.30847849247749304,0.004074662101287195
0.2,0.2,0.05,0.3,0.1,0.15,0.308331622935079,0.004093247031919334
0.2,0.05,0.05,0.05,0.5,0.15,0.308184753392665,0.004111907447509392
0.2,0.05,0.05,0.1,0.35,0.25,0.308184753392665,0.004111907447509392
0.2,0.1,0.05,0.15,0.35,0.15,0.308184753392665,0.004111907447509392
0.25,0.05,0.05,0.05,0.4,0.2,0.308184753392665,0.004111907447509392
0.25,0.05,0.05,0.05,0.45,0.15,0.308184753392665,0.004111907447509392
0.2,0.15,0.05,0.2,0.25,0.15,0.308184753392665,0.004111907447509392
0.35,0.15,0.05,0.05,0.15,0.25,0.30478577255393996,0.0045654756320655365
0.3,0.15,0.05,0.05,0.15,0.3,0.30478577255393996,0.0045654756320655365
0.2,0.15,0.05,0.05,0.2,0.35,0.30478577255393996,0.0045654756320655365
0.35,0.2,0.05,0.05,0.1,0.25,0.30478577255393996,0.0045654756320655365
0.25,0.15,0.05,0.05,0.2,0.3,0.30478577255393996,0.0045654756320655365
0.25,0.4,0.1,0.05,0.15,0.05,0.3046389030115259,0.0045860399517193085
0.2,0.3,0.1,0.05,0.3,0.05,0.3046389030115259,0.0045860399517193085
0.25,0.15,0.3,0.05,0.05,0.2,0.3046389030115259,0.0045860399517193085
0.2,0.3,0.15,0.05,0.15,0.15,0.3046389030115259,0.0045860399517193085
0.2,0.3,0.15,0.05,0.2,0.1,0.3046389030115259,0.0045860399517193085
0.25,0.25,0.05,0.05,0.15,0.25,0.3046389030115259,0.0045860399517193085
0.25,0.4,0.05,0.05,0.2,0.05,0.3046389030115259,0.0045860399517193085
0.2,0.25,0.25,0.05,0.15,0.1,0.3046389030115259,0.0045860399517193085
0.3,0.2,0.05,0.05,0.15,0.25,0.3046389030115259,0.0045860399517193085
0.2,0.3,0.25,0.1,0.1,0.05,0.3046389030115259,0.0045860399517193085
0.2,0.25,0.25,0.05,0.1,0.15,0.3046389030115259,0.0045860399517193085
0.25,0.1,0.35,0.05,0.05,0.2,0.3046389030115259,0.0045860399517193085
0.2,0.3,0.2,0.1,0.15,0.05,0.3046389030115259,0.0045860399517193085
0.2,0.3,0.2,0.1,0.1,0.1,0.3046389030115259,0.0045860399517193085
0.2,0.3,0.2,0.05,0.2,0.05,0.3046389030115259,0.0045860399517193085
0.2,0.3,0.2,0.05,0.15,0.1,0.3046389030115259,0.0045860399517193085
0.2,0.35,0.05,0.05,0.3,0.05,0.3046389030115259,0.0045860399517193085
0.2,0.35,0.05,0.05,0.25,0.1,0.3046389030115259,0.0045860399517193085
0.2,0.3,0.25,0.05,0.15,0.05,0.3046389030115259,0.0045860399517193085
0.2,0.35,0.1,0.05,0.15,0.15,0.3046389030115259,0.0045860399517193085
0.25,0.25,0.2,0.05,0.15,0.1,0.3046389030115259,0.0045860399517193085
0.25,0.25,0.15,0.05,0.25,0.05,0.3046389030115259,0.0045860399517193085
0.2,0.2,0.2,0.05,0.2,0.15,0.3046389030115259,0.0045860399517193085
0.2,0.2,0.2,0.05,0.15,0.2,0.3046389030115259,0.0045860399517193085
0.25,0.35,0.15,0.05,0.15,0.05,0.3046389030115259,0.0045860399517193085
0.2,0.25,0.2,0.05,0.2,0.1,0.3046389030115259,0.0045860399517193085
0.2,0.25,0.2,0.05,0.25,0.05,0.3046389030115259,0.0045860399517193085
0.25,0.2,0.05,0.05,0.15,0.3,0.3046389030115259,0.0045860399517193085
0.2,0.1,0.3,0.05,0.1,0.25,0.3046389030115259,0.0045860399517193085
0.25,0.2,0.3,0.05,0.05,0.15,0.3046389030115259,0.0045860399517193085
0.25,0.2,0.2,0.05,0.2,0.1,0.3046389030115259,0.0045860399517193085
0.25,0.25,0.2,0.05,0.2,0.05,0.3046389030115259,0.0045860399517193085
0.2,0.35,0.1,0.05,0.2,0.1,0.3046389030115259,0.0045860399517193085
0.2,0.35,0.1,0.05,0.25,0.05,0.3046389030115259,0.0045860399517193085
0.2,0.25,0.2,0.05,0.15,0.15,0.3046389030115259,0.0045860399517193085
0.2,0.35,0.15,0.1,0.15,0.05,0.3046389030115259,0.0045860399517193085
0.25,0.25,0.25,0.05,0.1,0.1,0.3046389030115259,0.0045860399517193085
0.2,0.2,0.05,0.05,0.2,0.3,0.3046389030115259,0.0045860399517193085
0.2,0.35,0.15,0.05,0.15,0.1,0.3046389030115259,0.0045860399517193085
0.2,0.35,0.15,0.05,0.2,0.05,0.3046389030115259,0.0045860399517193085
0.2,0.15,0.35,0.05,0.05,0.2,0.3046389030115259,0.0045860399517193085
0.2,0.15,0.35,0.1,0.05,0.15,0.3046389030115259,0.0045860399517193085
0.2,0.15,0.4,0.05,0.05,0.15,0.3046389030115259,0.0045860399517193085
0.25,0.35,0.1,0.05,0.2,0.05,0.3046389030115259,0.0045860399517193085
0.25,0.35,0.1,0.05,0.15,0.1,0.3046389030115259,0.0045860399517193085
0.2,0.4,0.1,0.1,0.15,0.05,0.3046389030115259,0.0045860399517193085
0.25,0.3,0.15,0.05,0.2,0.05,0.3046389030115259,0.0045860399517193085
0.4,0.25,0.05,0.05,0.05,0.2,0.3046389030115259,0.0045860399517193085
0.25,0.3,0.25,0.05,0.1,0.05,0.3046389030115259,0.0045860399517193085
0.3,0.25,0.2,0.05,0.15,0.05,0.3046389030115259,0.0045860399517193085
0.2,0.2,0.3,0.1,0.05,0.15,0.3046389030115259,0.0045860399517193085
0.2,0.45,0.05,0.05,0.2,0.05,0.3046389030115259,0.0045860399517193085
0.25,0.3,0.15,0.05,0.15,0.1,0.3046389030115259,0.0045860399517193085
0.25,0.3,0.2,0.05,0.15,0.05,0.3046389030115259,0.0045860399517193085
0.3,0.35,0.15,0.05,0.1,0.05,0.3046389030115259,0.0045860399517193085
0.2,0.1,0.4,0.05,0.05,0.2,0.3046389030115259,0.0045860399517193085
0.3,0.3,0.2,0.05,0.1,0.05,0.3046389030115259,0.0045860399517193085
0.2,0.1,0.1,0.05,0.2,0.35,0.3046389030115259,0.0045860399517193085
0.2,0.4,0.05,0.05,0.2,0.1,0.3046389030115259,0.0045860399517193085
0.2,0.05,0.45,0.05,0.05,0.2,0.3046389030115259,0.0045860399517193085
0.2,0.4,0.05,0.05,0.25,0.05,0.3046389030115259,0.0045860399517193085
0.2,0.35,0.2,0.05,0.15,0.05,0.3046389030115259,0.0045860399517193085
0.2,0.25,0.15,0.05,0.25,0.1,0.3046389030115259,0.0045860399517193085
0.2,0.25,0.15,0.05,0.2,0.15,0.3046389030115259,0.0045860399517193085
0.3,0.15,0.05,0.05,0.2,0.25,0.3046389030115259,0.0045860399517193085
0.2,0.3,0.15,0.05,0.25,0.05,0.3046389030115259,0.0045860399517193085
0.25,0.3,0.2,0.05,0.1,0.1,0.3046389030115259,0.0045860399517193085
0.2,0.15,0.05,0.05,0.25,0.3,0.3046389030115259,0.0045860399517193085
0.2,0.4,0.1,0.05,0.2,0.05,0.3046389030115259,0.0045860399517193085
0.2,0.3,0.1,0.05,0.25,0.1,0.3046389030115259,0.0045860399517193085
0.2,0.25,0.15,0.05,0.3,0.05,0.3044920334691119,0.0046066865872175814
0.2,0.1,0.05,0.05,0.3,0.3,0.3044920334691119,0.0046066865872175814
0.2,0.25,0.1,0.05,0.35,0.05,0.3044920334691119,0.0046066865872175814
0.2,0.2,0.15,0.05,0.3,0.1,0.3044920334691119,0.0046066865872175814
0.2,0.2,0.15,0.05,0.35,0.05,0.3044920334691119,0.0046066865872175814
0.2,0.05,0.05,0.05,0.4,0.25,0.3044920334691119,0.0046066865872175814
0.2,0.2,0.1,0.25,0.05,0.2,0.301239922172801,0.005085541979253577
0.3,0.2,0.1,0.15,0.05,0.2,0.301239922172801,0.005085541979253577
0.25,0.2,0.1,0.2,0.05,0.2,0.301239922172801,0.005085541979253577
0.2,0.05,0.05,0.25,0.15,0.3,0.2949664945754012,0.006135545405566217
0.25,0.15,0.15,0.15,0.05,0.25,0.29414822141052294,0.0062857516701025
0.25,0.2,0.1,0.15,0.05,0.25,0.29414822141052294,0.0062857516701025
0.35,0.15,0.1,0.1,0.05,0.25,0.29414822141052294,0.0062857516701025
0.25,0.25,0.15,0.15,0.05,0.15,0.29414822141052294,0.0062857516701025
0.2,0.15,0.15,0.15,0.1,0.25,0.29414822141052294,0.0062857516701025
0.25,0.25,0.1,0.15,0.05,0.2,0.29414822141052294,0.0062857516701025
0.2,0.2,0.1,0.15,0.1,0.25,0.29414822141052294,0.0062857516701025
0.25,0.2,0.15,0.15,0.05,0.2,0.29414822141052294,0.0062857516701025
0.35,0.2,0.1,0.05,0.05,0.25,0.2904555014869699,0.0070047762743787375
0.25,0.15,0.2,0.1,0.05,0.25,0.2904555014869699,0.0070047762743787375
0.25,0.2,0.15,0.1,0.05,0.25,0.2904555014869699,0.0070047762743787375
0.2,0.25,0.1,0.1,0.1,0.25,0.2904555014869699,0.0070047762743787375
0.3,0.25,0.1,0.1,0.05,0.2,0.2904555014869699,0.0070047762743787375
0.3,0.15,0.15,0.1,0.05,0.25,0.2904555014869699,0.0070047762743787375
0.25,0.15,0.15,0.05,0.1,0.3,0.2904555014869699,0.0070047762743787375
0.25,0.2,0.15,0.05,0.1,0.25,0.2904555014869699,0.0070047762743787375
0.25,0.1,0.2,0.05,0.1,0.3,0.2904555014869699,0.0070047762743787375
0.3,0.2,0.2,0.05,0.05,0.2,0.2904555014869699,0.0070047762743787375
0.3,0.2,0.15,0.1,0.05,0.2,0.2904555014869699,0.0070047762743787375
0.3,0.2,0.1,0.1,0.05,0.25,0.2904555014869699,0.0070047762743787375
0.25,0.25,0.1,0.05,0.1,0.25,0.2904555014869699,0.0070047762743787375
0.35,0.25,0.1,0.05,0.05,0.2,0.2904555014869699,0.0070047762743787375
0.25,0.2,0.1,0.1,0.1,0.25,0.2904555014869699,0.0070047762743787375
0.3,0.2,0.15,0.05,0.05,0.25,0.2904555014869699,0.0070047762743787375
0.25,0.2,0.2,0.1,0.05,0.2,0.2904555014869699,0.0070047762743787375
0.2,0.2,0.2,0.05,0.1,0.25,0.2904555014869699,0.0070047762743787375
0.35,0.15,0.15,0.05,0.05,0.25,0.2904555014869699,0.0070047762743787375
0.3,0.15,0.2,0.05,0.05,0.25,0.2904555014869699,0.0070047762743787375
0.2,0.2,0.15,0.1,0.1,0.25,0.2904555014869699,0.0070047762743787375
0.2,0.25,0.15,0.05,0.1,0.25,0.2904555014869699,0.0070047762743787375
0.25,0.15,0.05,0.15,0.1,0.3,0.287203390190659,0.007697076331968337
0.4,0.1,0.05,0.15,0.05,0.25,0.287203390190659,0.007697076331968337
0.45,0.1,0.05,0.1,0.05,0.25,0.287203390190659,0.007697076331968337
0.4,0.05,0.1,0.1,0.05,0.3,0.287203390190659,0.007697076331968337
0.35,0.15,0.05,0.15,0.05,0.25,0.287203390190659,0.007697076331968337
0.2,0.2,0.05,0.25,0.15,0.15,0.28705652064824494,0.007729714809681244
0.25,0.25,0.05,0.15,0.15,0.15,0.28705652064824494,0.007729714809681244
0.2,0.2,0.05,0.15,0.2,0.2,0.28705652064824494,0.007729714809681244
0.25,0.25,0.05,0.25,0.05,0.15,0.28705652064824494,0.007729714809681244
0.2,0.2,0.05,0.2,0.2,0.15,0.28705652064824494,0.007729714809681244
0.25,0.2,0.05,0.25,0.1,0.15,0.28705652064824494,0.007729714809681244
0.25,0.2,0.05,0.25,0.05,0.2,0.28705652064824494,0.007729714809681244
0.25,0.3,0.05,0.15,0.1,0.15,0.28705652064824494,0.007729714809681244
0.2,0.2,0.05,0.15,0.15,0.25,0.28705652064824494,0.007729714809681244
0.2,0.2,0.05,0.1,0.25,0.2,0.28705652064824494,0.007729714809681244
0.2,0.2,0.15,0.25,0.05,0.15,0.28705652064824494,0.007729714809681244
0.2,0.2,0.2,0.2,0.05,0.15,0.28705652064824494,0.007729714809681244
0.2,0.2,0.05,0.2,0.15,0.2,0.28705652064824494,0.007729714809681244
0.25,0.1,0.1,0.15,0.1,0.3,0.28705652064824494,0.007729714809681244
0.2,0.25,0.05,0.25,0.1,0.15,0.28705652064824494,0.007729714809681244
0.2,0.25,0.05,0.2,0.15,0.15,0.28705652064824494,0.007729714809681244
0.2,0.25,0.05,0.2,0.1,0.2,0.28705652064824494,0.007729714809681244
0.3,0.15,0.05,0.2,0.05,0.25,0.28705652064824494,0.007729714809681244
0.2,0.3,0.05,0.2,0.1,0.15,0.28705652064824494,0.007729714809681244
0.2,0.3,0.05,0.15,0.15,0.15,0.28705652064824494,0.007729714809681244
0.25,0.2,0.05,0.1,0.25,0.15,0.28705652064824494,0.007729714809681244
0.25,0.25,0.05,0.2,0.1,0.15,0.28705652064824494,0.007729714809681244
0.2,0.2,0.05,0.25,0.1,0.2,0.28705652064824494,0.007729714809681244
0.25,0.15,0.05,0.25,0.05,0.25,0.28705652064824494,0.007729714809681244
0.25,0.2,0.05,0.1,0.2,0.2,0.28705652064824494,0.007729714809681244
0.2,0.25,0.05,0.15,0.15,0.2,0.28705652064824494,0.007729714809681244
0.2,0.25,0.05,0.15,0.2,0.15,0.28705652064824494,0.007729714809681244
0.25,0.2,0.05,0.15,0.2,0.15,0.28705652064824494,0.007729714809681244
0.25,0.2,0.05,0.2,0.15,0.15,0.28705652064824494,0.007729714809681244
0.3,0.1,0.05,0.05,0.35,0.15,0.2869096511058309,0.007762474981533862
0.25,0.15,0.05,0.15,0.25,0.15,0.2869096511058309,0.007762474981533862
0.25,0.1,0.05,0.05,0.4,0.15,0.2869096511058309,0.007762474981533862
0.25,0.15,0.05,0.1,0.3,0.15,0.2869096511058309,0.007762474981533862
0.2,0.15,0.05,0.2,0.2,0.2,0.2869096511058309,0.007762474981533862
0.2,0.05,0.05,0.05,0.45,0.2,0.2869096511058309,0.007762474981533862
0.25,0.1,0.05,0.1,0.35,0.15,0.2869096511058309,0.007762474981533862
0.3,0.15,0.05,0.05,0.3,0.15,0.2869096511058309,0.007762474981533862
0.2,0.1,0.05,0.1,0.4,0.15,0.2869096511058309,0.007762474981533862
0.2,0.15,0.05,0.1,0.25,0.25,0.2869096511058309,0.007762474981533862
0.25,0.15,0.05,0.2,0.2,0.15,0.2869096511058309,0.007762474981533862
0.2,0.2,0.05,0.15,0.25,0.15,0.2869096511058309,0.007762474981533862
0.25,0.15,0.05,0.1,0.25,0.2,0.2869096511058309,0.007762474981533862
0.2,0.2,0.05,0.1,0.3,0.15,0.2869096511058309,0.007762474981533862
0.2,0.15,0.05,0.15,0.25,0.2,0.2869096511058309,0.007762474981533862
0.2,0.15,0.05,0.15,0.3,0.15,0.2869096511058309,0.007762474981533862
0.2,0.1,0.05,0.1,0.3,0.25,0.2869096511058309,0.007762474981533862
0.2,0.15,0.05,0.1,0.35,0.15,0.2869096511058309,0.007762474981533862
0.2,0.15,0.05,0.1,0.3,0.2,0.2869096511058309,0.007762474981533862
0.2,0.1,0.05,0.1,0.35,0.2,0.2869096511058309,0.007762474981533862
0.2,0.1,0.05,0.05,0.45,0.15,0.2869096511058309,0.007762474981533862
0.25,0.2,0.25,0.05,0.05,0.2,0.28336380072469186,0.008591352932824613
0.2,0.1,0.05,0.05,0.4,0.2,0.2832169311822778,0.008627300053079615
0.25,0.1,0.05,0.05,0.35,0.2,0.2832169311822778,0.008627300053079615
0.25,0.15,0.05,0.05,0.35,0.15,0.2832169311822778,0.008627300053079615
0.2,0.1,0.05,0.05,0.35,0.25,0.2832169311822778,0.008627300053079615
0.2,0.15,0.05,0.05,0.4,0.15,0.2832169311822778,0.008627300053079615
0.3,0.25,0.05,0.1,0.15,0.15,0.2799648198859669,0.009457809560492202
0.3,0.3,0.05,0.1,0.1,0.15,0.2799648198859669,0.009457809560492202
0.35,0.1,0.1,0.1,0.05,0.3,0.2799648198859669,0.009457809560492202
0.25,0.3,0.05,0.1,0.15,0.15,0.2799648198859669,0.009457809560492202
0.2,0.25,0.05,0.1,0.25,0.15,0.2799648198859669,0.009457809560492202
0.25,0.25,0.05,0.1,0.2,0.15,0.2799648198859669,0.009457809560492202
0.25,0.25,0.05,0.1,0.15,0.2,0.2799648198859669,0.009457809560492202
0.2,0.1,0.1,0.3,0.05,0.25,0.2792304721738967,0.009654754199378137
0.6,0.05,0.05,0.05,0.05,0.2,0.2777407953865543,0.010065323799301812
0.2,0.1,0.2,0.2,0.05,0.25,0.27641896950482786,0.010442331201052367
0.3,0.05,0.05,0.1,0.2,0.3,0.27641896950482786,0.010442331201052367
0.2,0.05,0.15,0.2,0.1,0.3,0.27641896950482786,0.010442331201052367
0.2,0.15,0.1,0.25,0.05,0.25,0.27641896950482786,0.010442331201052367
0.3,0.05,0.15,0.15,0.05,0.3,0.27641896950482786,0.010442331201052367
0.2,0.1,0.15,0.25,0.05,0.25,0.27641896950482786,0.010442331201052367
0.2,0.3,0.05,0.1,0.2,0.15,0.27627209996241386,0.01048497276185866
0.25,0.25,0.05,0.05,0.2,0.2,0.27627209996241386,0.01048497276185866
0.2,0.35,0.05,0.05,0.2,0.15,0.27627209996241386,0.01048497276185866
0.25,0.25,0.05,0.05,0.25,0.15,0.27627209996241386,0.01048497276185866
0.2,0.3,0.05,0.05,0.25,0.15,0.27627209996241386,0.01048497276185866
0.2,0.3,0.05,0.1,0.15,0.2,0.27627209996241386,0.01048497276185866
0.25,0.3,0.05,0.1,0.1,0.2,0.27627209996241386,0.01048497276185866
0.2,0.2,0.05,0.05,0.25,0.25,0.27627209996241386,0.01048497276185866
0.2,0.2,0.05,0.1,0.2,0.25,0.27627209996241386,0.01048497276185866
0.25,0.2,0.05,0.05,0.25,0.2,0.27627209996241386,0.01048497276185866
0.2,0.35,0.05,0.1,0.15,0.15,0.27627209996241386,0.01048497276185866
0.25,0.3,0.05,0.05,0.2,0.15,0.27627209996241386,0.01048497276185866
0.25,0.3,0.05,0.05,0.15,0.2,0.27627209996241386,0.01048497276185866
0.3,0.2,0.05,0.05,0.25,0.15,0.27627209996241386,0.01048497276185866
0.2,0.25,0.05,0.1,0.2,0.2,0.27627209996241386,0.01048497276185866
0.2,0.25,0.05,0.1,0.15,0.25,0.27627209996241386,0.01048497276185866
0.2,0.25,0.05,0.05,0.2,0.25,0.27627209996241386,0.01048497276185866
0.25,0.35,0.05,0.05,0.15,0.15,0.27627209996241386,0.01048497276185866
0.2,0.25,0.05,0.05,0.3,0.15,0.27627209996241386,0.01048497276185866
0.2,0.25,0.05,0.05,0.25,0.2,0.27627209996241386,0.01048497276185866
0.3,0.3,0.05,0.05,0.15,0.15,0.27627209996241386,0.01048497276185866
0.3,0.25,0.05,0.05,0.2,0.15,0.27627209996241386,0.01048497276185866
0.2,0.3,0.05,0.05,0.2,0.2,0.27627209996241386,0.01048497276185866
0.2,0.15,0.05,0.05,0.3,0.25,0.2761252304199998,0.010527766321797107
0.2,0.2,0.05,0.05,0.35,0.15,0.2761252304199998,0.010527766321797107
0.2,0.2,0.05,0.05,0.3,0.2,0.2761252304199998,0.010527766321797107
0.2,0.15,0.05,0.05,0.35,0.2,0.2761252304199998,0.010527766321797107
0.25,0.15,0.05,0.05,0.3,0.2,0.2761252304199998,0.010527766321797107
0.25,0.2,0.05,0.05,0.3,0.15,0.2761252304199998,0.010527766321797107
0.4,0.05,0.05,0.2,0.05,0.25,0.27346059729334504,0.011331084977420792
0.3,0.05,0.05,0.2,0.1,0.3,0.27346059729334504,0.011331084977420792
0.25,0.05,0.05,0.25,0.1,0.3,0.27346059729334504,0.011331084977420792
0.35,0.05,0.05,0.25,0.05,0.25,0.27346059729334504,0.011331084977420792
0.3,0.05,0.1,0.2,0.05,0.3,0.273313727750931,0.011376875549307545
0.3,0.15,0.05,0.1,0.1,0.3,0.27301998866610294,0.011468940726020302
0.25,0.25,0.3,0.05,0.05,0.1,0.27272624958127484,0.011561654393325196
0.45,0.05,0.05,0.05,0.15,0.25,0.2694741382849639,0.012632564783777686
0.35,0.15,0.05,0.05,0.1,0.3,0.26932726874254986,0.012682898767930918
0.2,0.1,0.15,0.15,0.1,0.3,0.26932726874254986,0.012682898767930918
0.4,0.1,0.1,0.05,0.05,0.3,0.26932726874254986,0.012682898767930918
0.2,0.05,0.05,0.1,0.25,0.35,0.26932726874254986,0.012682898767930918
0.35,0.05,0.1,0.05,0.1,0.35,0.26932726874254986,0.012682898767930918
0.25,0.1,0.15,0.15,0.05,0.3,0.26932726874254986,0.012682898767930918
0.2,0.3,0.05,0.05,0.15,0.25,0.26918039920013587,0.012733406937660592
0.25,0.25,0.05,0.2,0.05,0.2,0.2657814183614109,0.013952137467856045
0.3,0.25,0.05,0.15,0.05,0.2,0.2657814183614109,0.013952137467856045
0.25,0.2,0.05,0.2,0.05,0.25,0.2657814183614109,0.013952137467856045
0.2,0.25,0.1,0.25,0.05,0.15,0.2657814183614109,0.013952137467856045
0.25,0.2,0.05,0.15,0.1,0.25,0.2657814183614109,0.013952137467856045
0.3,0.2,0.05,0.15,0.05,0.25,0.2657814183614109,0.013952137467856045
0.2,0.2,0.05,0.2,0.1,0.25,0.2657814183614109,0.013952137467856045
0.25,0.25,0.1,0.2,0.05,0.15,0.2657814183614109,0.013952137467856045
0.3,0.2,0.05,0.2,0.05,0.2,0.2657814183614109,0.013952137467856045
0.3,0.05,0.2,0.05,0.05,0.35,0.2656345488189968,0.014007002688703711
0.3,0.05,0.2,0.1,0.05,0.3,0.2656345488189968,0.014007002688703711
0.3,0.05,0.25,0.05,0.05,0.3,0.2656345488189968,0.014007002688703711
0.3,0.05,0.05,0.05,0.25,0.3,0.2656345488189968,0.014007002688703711
0.25,0.05,0.15,0.1,0.1,0.35,0.2656345488189968,0.014007002688703711
0.2,0.05,0.2,0.15,0.1,0.3,0.2656345488189968,0.014007002688703711
0.25,0.05,0.2,0.05,0.1,0.35,0.2656345488189968,0.014007002688703711
0.25,0.05,0.25,0.1,0.05,0.3,0.2656345488189968,0.014007002688703711
0.2,0.05,0.25,0.1,0.1,0.3,0.2656345488189968,0.014007002688703711
0.5,0.05,0.05,0.1,0.05,0.25,0.2635573938619982,0.014803206778586134
0.2,0.05,0.1,0.15,0.15,0.35,0.26261323251790797,0.015177873335334251
0.35,0.05,0.05,0.05,0.2,0.3,0.2623824375226859,0.01527069566224558
0.35,0.2,0.05,0.1,0.05,0.25,0.2588365871415469,0.016759680377058894
0.35,0.25,0.05,0.1,0.05,0.2,0.25868971759913284,0.016823963106005133
0.2,0.1,0.05,0.05,0.25,0.35,0.25868971759913284,0.016823963106005133
0.2,0.1,0.05,0.1,0.2,0.35,0.25868971759913284,0.016823963106005133
0.35,0.1,0.05,0.05,0.15,0.3,0.25868971759913284,0.016823963106005133
0.4,0.35,0.05,0.05,0.05,0.1,0.2585428480567188,0.01688845820234855
0.2,0.05,0.1,0.05,0.2,0.4,0.2585428480567188,0.01688845820234855
0.35,0.3,0.1,0.05,0.05,0.15,0.2585428480567188,0.01688845820234855
0.35,0.35,0.1,0.05,0.05,0.1,0.2585428480567188,0.01688845820234855
0.25,0.05,0.05,0.05,0.25,0.35,0.2585428480567188,0.01688845820234855
0.2,0.05,0.05,0.05,0.3,0.35,0.2585428480567188,0.01688845820234855
0.25,0.05,0.15,0.2,0.05,0.3,0.25795536988706264,0.01714857353745752
0.2,0.05,0.2,0.25,0.05,0.25,0.25795536988706264,0.01714857353745752
0.2,0.3,0.15,0.25,0.05,0.05,0.2551438672179938,0.018441718507263578
0.2,0.15,0.15,0.2,0.05,0.25,0.2551438672179938,0.018441718507263578
0.3,0.25,0.05,0.1,0.05,0.25,0.25499699767557976,0.01851151394072058
0.25,0.15,0.1,0.1,0.1,0.3,0.25499699767557976,0.01851151394072058
0.2,0.25,0.15,0.1,0.1,0.2,0.25499699767557976,0.01851151394072058
0.25,0.25,0.05,0.1,0.1,0.25,0.25499699767557976,0.01851151394072058
0.2,0.2,0.05,0.1,0.15,0.3,0.25499699767557976,0.01851151394072058
0.2,0.2,0.1,0.05,0.15,0.3,0.25499699767557976,0.01851151394072058
0.25,0.05,0.05,0.15,0.15,0.35,0.25218549500651094,0.019892018042023524
0.2,0.1,0.05,0.25,0.1,0.3,0.25218549500651094,0.019892018042023524
0.35,0.05,0.05,0.15,0.1,0.3,0.25218549500651094,0.019892018042023524
0.3,0.05,0.05,0.15,0.15,0.3,0.25218549500651094,0.019892018042023524
0.45,0.05,0.05,0.15,0.05,0.25,0.25218549500651094,0.019892018042023524
0.2,0.2,0.05,0.3,0.05,0.2,0.25159801683685484,0.020191368221403744
0.3,0.3,0.2,0.05,0.05,0.1,0.25145114729444074,0.0202668059154437
0.25,0.2,0.05,0.1,0.1,0.3,0.2480521664557158,0.02208132532875004
0.35,0.25,0.05,0.05,0.05,0.25,0.2480521664557158,0.02208132532875004
0.4,0.2,0.05,0.05,0.05,0.25,0.2480521664557158,0.02208132532875004
0.2,0.3,0.2,0.2,0.05,0.05,0.2480521664557158,0.02208132532875004
0.3,0.2,0.05,0.05,0.1,0.3,0.2480521664557158,0.02208132532875004
0.3,0.25,0.05,0.05,0.1,0.25,0.24790529691330176,0.02216276084495276
0.25,0.2,0.1,0.05,0.1,0.3,0.24790529691330176,0.02216276084495276
0.2,0.25,0.05,0.05,0.15,0.3,0.24790529691330176,0.02216276084495276
0.2,0.25,0.2,0.05,0.1,0.2,0.24790529691330176,0.02216276084495276
0.3,0.15,0.1,0.05,0.1,0.3,0.24790529691330176,0.02216276084495276
0.35,0.15,0.1,0.05,0.05,0.3,0.24790529691330176,0.02216276084495276
0.25,0.25,0.05,0.05,0.1,0.3,0.24790529691330176,0.02216276084495276
0.2,0.05,0.2,0.2,0.05,0.3,0.24687721011640346,0.022740021370821394
0.2,0.05,0.25,0.2,0.05,0.25,0.24687721011640346,0.022740021370821394
0.2,0.1,0.15,0.2,0.05,0.3,0.24687721011640346,0.022740021370821394
0.3,0.1,0.15,0.1,0.05,0.3,0.24435944653216277,0.024208132805087688
0.2,0.15,0.2,0.15,0.05,0.25,0.24435944653216277,0.024208132805087688
0.2,0.05,0.35,0.1,0.05,0.25,0.24435944653216277,0.024208132805087688
0.2,0.05,0.3,0.05,0.1,0.3,0.24435944653216277,0.024208132805087688
0.3,0.05,0.15,0.05,0.1,0.35,0.24435944653216277,0.024208132805087688
0.25,0.1,0.15,0.05,0.1,0.35,0.24435944653216277,0.024208132805087688
0.2,0.25,0.25,0.15,0.05,0.1,0.24435944653216277,0.024208132805087688
0.2,0.1,0.3,0.1,0.05,0.25,0.24435944653216277,0.024208132805087688
0.2,0.1,0.15,0.1,0.1,0.35,0.24435944653216277,0.024208132805087688
0.2,0.3,0.25,0.15,0.05,0.05,0.24435944653216277,0.024208132805087688
0.2,0.1,0.2,0.1,0.1,0.3,0.24435944653216277,0.024208132805087688
0.2,0.1,0.25,0.15,0.05,0.25,0.24435944653216277,0.024208132805087688
0.2,0.1,0.25,0.05,0.1,0.3,0.24435944653216277,0.024208132805087688
0.25,0.05,0.3,0.05,0.05,0.3,0.24435944653216277,0.024208132805087688
0.2,0.15,0.25,0.1,0.05,0.25,0.24435944653216277,0.024208132805087688
0.25,0.1,0.25,0.05,0.05,0.3,0.24435944653216277,0.024208132805087688
0.25,0.1,0.2,0.1,0.05,0.3,0.24435944653216277,0.024208132805087688
0.2,0.05,0.1,0.35,0.05,0.25,0.2441496329001427,0.024334036545504277
0.2,0.05,0.15,0.25,0.05,0.3,0.2441496329001427,0.024334036545504277
0.2,0.05,0.15,0.3,0.05,0.25,0.2441496329001427,0.024334036545504277
0.25,0.05,0.1,0.25,0.05,0.3,0.24377196836250659,0.024562067587937705
0.2,0.1,0.05,0.35,0.05,0.25,0.24377196836250659,0.024562067587937705
0.2,0.15,0.05,0.3,0.05,0.25,0.24096046569343774,0.02631744691995247
0.25,0.1,0.1,0.2,0.05,0.3,0.24096046569343774,0.02631744691995247
0.25,0.05,0.1,0.15,0.1,0.35,0.24096046569343774,0.02631744691995247
0.2,0.1,0.1,0.2,0.1,0.3,0.24096046569343774,0.02631744691995247
0.25,0.05,0.2,0.15,0.05,0.3,0.23978550935412543,0.02708196074738403
0.25,0.05,0.15,0.15,0.05,0.35,0.23978550935412543,0.02708196074738403
0.2,0.05,0.15,0.15,0.1,0.35,0.23978550935412543,0.02708196074738403
0.2,0.05,0.1,0.25,0.1,0.3,0.238232888477177,0.02812100755901822
0.3,0.1,0.15,0.05,0.05,0.35,0.23726774576988474,0.028783750412792897
0.35,0.05,0.15,0.05,0.05,0.35,0.23726774576988474,0.028783750412792897
0.2,0.15,0.3,0.05,0.05,0.25,0.23726774576988474,0.028783750412792897
0.2,0.25,0.4,0.05,0.05,0.05,0.23726774576988474,0.028783750412792897
0.2,0.25,0.35,0.1,0.05,0.05,0.23726774576988474,0.028783750412792897
0.2,0.3,0.3,0.1,0.05,0.05,0.23726774576988474,0.028783750412792897
0.2,0.1,0.35,0.05,0.05,0.25,0.23726774576988474,0.028783750412792897
0.2,0.3,0.35,0.05,0.05,0.05,0.23726774576988474,0.028783750412792897
0.2,0.25,0.3,0.1,0.05,0.1,0.23726774576988474,0.028783750412792897
0.2,0.25,0.35,0.05,0.05,0.1,0.23726774576988474,0.028783750412792897
0.2,0.05,0.4,0.05,0.05,0.25,0.23726774576988474,0.028783750412792897
0.2,0.05,0.25,0.15,0.05,0.3,0.23609278943057238,0.029608343032395932
0.2,0.05,0.3,0.15,0.05,0.25,0.23609278943057238,0.029608343032395932
0.2,0.05,0.25,0.1,0.05,0.35,0.23609278943057238,0.029608343032395932
0.25,0.05,0.2,0.1,0.05,0.35,0.23609278943057238,0.029608343032395932
0.25,0.05,0.25,0.05,0.05,0.35,0.23609278943057238,0.029608343032395932
0.2,0.05,0.25,0.05,0.05,0.4,0.23609278943057238,0.029608343032395932
0.2,0.05,0.25,0.05,0.1,0.35,0.23609278943057238,0.029608343032395932
0.2,0.05,0.2,0.1,0.1,0.35,0.23609278943057238,0.029608343032395932
0.2,0.05,0.2,0.15,0.05,0.35,0.23609278943057238,0.029608343032395932
0.2,0.1,0.2,0.15,0.05,0.3,0.23609278943057238,0.029608343032395932
0.2,0.05,0.2,0.1,0.05,0.4,0.23609278943057238,0.029608343032395932
0.3,0.05,0.15,0.1,0.05,0.35,0.23609278943057238,0.029608343032395932
0.2,0.4,0.05,0.25,0.05,0.05,0.2338687649311597,0.03122384110316067
0.25,0.3,0.1,0.2,0.05,0.1,0.2338687649311597,0.03122384110316067
0.2,0.35,0.05,0.3,0.05,0.05,0.2338687649311597,0.03122384110316067
0.25,0.35,0.1,0.2,0.05,0.05,0.2338687649311597,0.03122384110316067
0.25,0.35,0.05,0.2,0.05,0.1,0.2338687649311597,0.03122384110316067
0.2,0.4,0.05,0.2,0.1,0.05,0.2338687649311597,0.03122384110316067
0.3,0.35,0.05,0.2,0.05,0.05,0.2338687649311597,0.03122384110316067
0.2,0.3,0.15,0.2,0.05,0.1,0.2338687649311597,0.03122384110316067
0.2,0.3,0.1,0.25,0.05,0.1,0.2338687649311597,0.03122384110316067
0.25,0.4,0.05,0.2,0.05,0.05,0.2338687649311597,0.03122384110316067
0.2,0.35,0.05,0.2,0.1,0.1,0.2338687649311597,0.03122384110316067
0.2,0.2,0.1,0.2,0.05,0.25,0.2338687649311597,0.03122384110316067
0.2,0.35,0.1,0.25,0.05,0.05,0.2338687649311597,0.03122384110316067
0.25,0.35,0.05,0.25,0.05,0.05,0.2338687649311597,0.03122384110316067
0.5,0.05,0.05,0.05,0.1,0.25,0.231204131804505,0.033256558942040035
0.45,0.05,0.05,0.1,0.1,0.25,0.23091039271967692,0.03348729183586356
0.2,0.25,0.05,0.3,0.05,0.15,0.23032291455002074,0.033952792345620195
0.2,0.25,0.05,0.25,0.05,0.2,0.23032291455002074,0.033952792345620195
0.25,0.4,0.05,0.15,0.1,0.05,0.22677706416888174,0.03687917980037813
0.25,0.4,0.1,0.15,0.05,0.05,0.22677706416888174,0.03687917980037813
0.25,0.3,0.15,0.15,0.05,0.1,0.22677706416888174,0.03687917980037813
0.3,0.4,0.05,0.15,0.05,0.05,0.22677706416888174,0.03687917980037813
0.3,0.35,0.05,0.15,0.05,0.1,0.22677706416888174,0.03687917980037813
0.3,0.4,0.05,0.1,0.1,0.05,0.22677706416888174,0.03687917980037813
0.25,0.3,0.2,0.15,0.05,0.05,0.22677706416888174,0.03687917980037813
0.2,0.4,0.05,0.15,0.1,0.1,0.22677706416888174,0.03687917980037813
0.2,0.4,0.1,0.2,0.05,0.05,0.22677706416888174,0.03687917980037813
0.2,0.4,0.1,0.15,0.1,0.05,0.22677706416888174,0.03687917980037813
0.3,0.35,0.1,0.15,0.05,0.05,0.22677706416888174,0.03687917980037813
0.2,0.45,0.05,0.15,0.1,0.05,0.22677706416888174,0.03687917980037813
0.2,0.35,0.1,0.15,0.1,0.1,0.22677706416888174,0.03687917980037813
0.2,0.35,0.15,0.2,0.05,0.05,0.22677706416888174,0.03687917980037813
0.25,0.35,0.1,0.15,0.05,0.1,0.22677706416888174,0.03687917980037813
0.2,0.35,0.15,0.15,0.1,0.05,0.22677706416888174,0.03687917980037813
0.25,0.35,0.15,0.15,0.05,0.05,0.22677706416888174,0.03687917980037813
0.35,0.4,0.05,0.1,0.05,0.05,0.22677706416888174,0.03687917980037813
0.35,0.35,0.05,0.1,0.05,0.1,0.22677706416888174,0.03687917980037813
0.35,0.35,0.1,0.1,0.05,0.05,0.22677706416888174,0.03687917980037813
0.25,0.45,0.05,0.15,0.05,0.05,0.22677706416888174,0.03687917980037813
0.5,0.1,0.05,0.05,0.05,0.25,0.22411243104222697,0.039214586125755874
0.4,0.05,0.05,0.1,0.1,0.3,0.22381869195739887,0.03947941540377286
0.2,0.3,0.05,0.15,0.1,0.2,0.22323121378774272,0.0400135466562312
0.2,0.25,0.05,0.15,0.1,0.25,0.22323121378774272,0.0400135466562312
0.3,0.35,0.1,0.1,0.05,0.1,0.22308434424532866,0.04014801579933202
0.3,0.35,0.15,0.1,0.05,0.05,0.22308434424532866,0.04014801579933202
0.3,0.4,0.05,0.1,0.05,0.1,0.22308434424532866,0.04014801579933202
0.2,0.2,0.15,0.05,0.1,0.3,0.22308434424532866,0.04014801579933202
0.2,0.45,0.05,0.1,0.15,0.05,0.22308434424532866,0.04014801579933202
0.25,0.4,0.15,0.1,0.05,0.05,0.22308434424532866,0.04014801579933202
0.25,0.4,0.05,0.1,0.1,0.1,0.22308434424532866,0.04014801579933202
0.2,0.4,0.1,0.1,0.1,0.1,0.22308434424532866,0.04014801579933202
0.3,0.3,0.15,0.1,0.05,0.1,0.22308434424532866,0.04014801579933202
0.2,0.4,0.05,0.1,0.15,0.1,0.22308434424532866,0.04014801579933202
0.2,0.35,0.2,0.15,0.05,0.05,0.22308434424532866,0.04014801579933202
0.4,0.4,0.05,0.05,0.05,0.05,0.22308434424532866,0.04014801579933202
0.2,0.45,0.05,0.1,0.1,0.1,0.22308434424532866,0.04014801579933202
0.3,0.4,0.05,0.05,0.1,0.1,0.22308434424532866,0.04014801579933202
0.2,0.3,0.15,0.1,0.1,0.15,0.22308434424532866,0.04014801579933202
0.2,0.15,0.2,0.1,0.05,0.3,0.22308434424532866,0.04014801579933202
0.2,0.15,0.15,0.1,0.1,0.3,0.22308434424532866,0.04014801579933202
0.2,0.15,0.15,0.05,0.1,0.35,0.22308434424532866,0.04014801579933202
0.25,0.45,0.1,0.1,0.05,0.05,0.22308434424532866,0.04014801579933202
0.25,0.15,0.15,0.1,0.05,0.3,0.22308434424532866,0.04014801579933202
0.3,0.15,0.15,0.05,0.05,0.3,0.22308434424532866,0.04014801579933202
0.35,0.35,0.15,0.05,0.05,0.05,0.22308434424532866,0.04014801579933202
0.2,0.35,0.1,0.1,0.1,0.15,0.22308434424532866,0.04014801579933202
0.35,0.4,0.05,0.05,0.05,0.1,0.22308434424532866,0.04014801579933202
0.35,0.4,0.1,0.05,0.05,0.05,0.22308434424532866,0.04014801579933202
0.25,0.35,0.1,0.05,0.1,0.15,0.22308434424532866,0.04014801579933202
0.2,0.15,0.2,0.05,0.1,0.3,0.22308434424532866,0.04014801579933202
0.35,0.45,0.05,0.05,0.05,0.05,0.22308434424532866,0.04014801579933202
0.3,0.4,0.1,0.1,0.05,0.05,0.22308434424532866,0.04014801579933202
0.2,0.2,0.15,0.15,0.05,0.25,0.22308434424532866,0.04014801579933202
0.2,0.1,0.2,0.05,0.1,0.35,0.22308434424532866,0.04014801579933202
0.3,0.45,0.05,0.05,0.1,0.05,0.22308434424532866,0.04014801579933202
0.3,0.1,0.2,0.05,0.05,0.3,0.22308434424532866,0.04014801579933202
0.2,0.1,0.15,0.05,0.15,0.35,0.22308434424532866,0.04014801579933202
0.3,0.45,0.05,0.1,0.05,0.05,0.22308434424532866,0.04014801579933202
0.2,0.2,0.25,0.1,0.05,0.2,0.22308434424532866,0.04014801579933202
0.25,0.3,0.2,0.1,0.05,0.1,0.22308434424532866,0.04014801579933202
0.2,0.15,0.25,0.05,0.05,0.3,0.22308434424532866,0.04014801579933202
0.2,0.4,0.15,0.15,0.05,0.05,0.22308434424532866,0.04014801579933202
0.25,0.35,0.1,0.1,0.1,0.1,0.22308434424532866,0.04014801579933202
0.2,0.35,0.15,0.1,0.1,0.1,0.22308434424532866,0.04014801579933202
0.25,0.4,0.1,0.1,0.1,0.05,0.22308434424532866,0.04014801579933202
0.25,0.45,0.05,0.1,0.1,0.05,0.22308434424532866,0.04014801579933202
0.25,0.15,0.2,0.05,0.05,0.3,0.22308434424532866,0.04014801579933202
0.3,0.1,0.05,0.15,0.1,0.3,0.21983223294901774,0.04322331837051378
0.3,0.1,0.1,0.15,0.05,0.3,0.21968536340660372,0.0433666915335835
0.2,0.15,0.05,0.2,0.1,0.3,0.21968536340660372,0.0433666915335835
0.2,0.2,0.05,0.25,0.05,0.25,0.21968536340660372,0.0433666915335835
0.35,0.05,0.05,0.2,0.05,0.3,0.21672699119512087,0.046339667226679045
0.2,0.35,0.25,0.05,0.1,0.05,0.21599264348305064,0.047103177727189284
0.2,0.45,0.1,0.05,0.1,0.1,0.21599264348305064,0.047103177727189284
0.3,0.35,0.2,0.05,0.05,0.05,0.21599264348305064,0.047103177727189284
0.2,0.45,0.05,0.05,0.15,0.1,0.21599264348305064,0.047103177727189284
0.2,0.45,0.1,0.05,0.15,0.05,0.21599264348305064,0.047103177727189284
0.3,0.3,0.25,0.05,0.05,0.05,0.21599264348305064,0.047103177727189284
0.3,0.35,0.15,0.05,0.05,0.1,0.21599264348305064,0.047103177727189284
0.3,0.45,0.1,0.05,0.05,0.05,0.21599264348305064,0.047103177727189284
0.2,0.5,0.1,0.05,0.1,0.05,0.21599264348305064,0.047103177727189284
0.3,0.4,0.15,0.05,0.05,0.05,0.21599264348305064,0.047103177727189284
0.25,0.45,0.05,0.05,0.15,0.05,0.21599264348305064,0.047103177727189284
0.25,0.45,0.1,0.05,0.1,0.05,0.21599264348305064,0.047103177727189284
0.25,0.4,0.2,0.05,0.05,0.05,0.21599264348305064,0.047103177727189284
0.2,0.35,0.2,0.05,0.1,0.1,0.21599264348305064,0.047103177727189284
0.2,0.35,0.2,0.1,0.1,0.05,0.21599264348305064,0.047103177727189284
0.25,0.15,0.15,0.05,0.05,0.35,0.21599264348305064,0.047103177727189284
0.25,0.45,0.05,0.05,0.1,0.1,0.21599264348305064,0.047103177727189284
0.25,0.35,0.2,0.1,0.05,0.05,0.21599264348305064,0.047103177727189284
0.25,0.35,0.25,0.05,0.05,0.05,0.21599264348305064,0.047103177727189284
0.25,0.35,0.2,0.05,0.1,0.05,0.21599264348305064,0.047103177727189284
0.2,0.3,0.25,0.05,0.1,0.1,0.21599264348305064,0.047103177727189284
0.2,0.3,0.2,0.05,0.1,0.15,0.21599264348305064,0.047103177727189284
0.25,0.35,0.15,0.05,0.1,0.1,0.21599264348305064,0.047103177727189284
0.2,0.35,0.3,0.05,0.05,0.05,0.21599264348305064,0.047103177727189284
0.2,0.2,0.35,0.05,0.05,0.15,0.21599264348305064,0.047103177727189284
0.2,0.4,0.2,0.05,0.1,0.05,0.21599264348305064,0.047103177727189284
0.2,0.2,0.3,0.05,0.05,0.2,0.21599264348305064,0.047103177727189284
0.2,0.4,0.15,0.1,0.1,0.05,0.21599264348305064,0.047103177727189284
0.2,0.4,0.15,0.05,0.15,0.05,0.21599264348305064,0.047103177727189284
0.25,0.3,0.3,0.05,0.05,0.05,0.21599264348305064,0.047103177727189284
0.2,0.4,0.15,0.05,0.1,0.1,0.21599264348305064,0.047103177727189284
0.25,0.3,0.25,0.1,0.05,0.05,0.21599264348305064,0.047103177727189284
0.2,0.35,0.25,0.1,0.05,0.05,0.21599264348305064,0.047103177727189284
0.25,0.4,0.15,0.05,0.1,0.05,0.21599264348305064,0.047103177727189284
0.2,0.45,0.1,0.1,0.1,0.05,0.21599264348305064,0.047103177727189284
0.3,0.5,0.05,0.05,0.05,0.05,0.21599264348305064,0.047103177727189284
0.2,0.4,0.1,0.05,0.15,0.1,0.21599264348305064,0.047103177727189284
0.25,0.3,0.25,0.05,0.05,0.1,0.21599264348305064,0.047103177727189284
0.2,0.5,0.05,0.1,0.1,0.05,0.21599264348305064,0.047103177727189284
0.25,0.5,0.05,0.05,0.1,0.05,0.21599264348305064,0.047103177727189284
0.25,0.4,0.1,0.05,0.1,0.1,0.21599264348305064,0.047103177727189284
0.2,0.45,0.15,0.05,0.1,0.05,0.21599264348305064,0.047103177727189284
0.2,0.55,0.05,0.05,0.1,0.05,0.21599264348305064,0.047103177727189284
0.3,0.4,0.1,0.05,0.1,0.05,0.21599264348305064,0.047103177727189284
0.2,0.5,0.05,0.05,0.15,0.05,0.21599264348305064,0.047103177727189284
0.2,0.05,0.3,0.05,0.05,0.35,0.2148176871437383,0.04834638328451594
0.2,0.1,0.3,0.05,0.05,0.3,0.2148176871437383,0.04834638328451594
0.25,0.1,0.15,0.1,0.05,0.35,0.2148176871437383,0.04834638328451594
0.2,0.05,0.2,0.05,0.1,0.4,0.2148176871437383,0.04834638328451594
0.2,0.1,0.25,0.1,0.05,0.3,0.2148176871437383,0.04834638328451594
0.25,0.05,0.2,0.05,0.05,0.4,0.2148176871437383,0.04834638328451594
0.2,0.1,0.2,0.1,0.05,0.35,0.2148176871437383,0.04834638328451594
0.2,0.1,0.25,0.05,0.05,0.35,0.2148176871437383,0.04834638328451594
0.2,0.1,0.15,0.15,0.05,0.35,0.2148176871437383,0.04834638328451594
0.2,0.05,0.3,0.1,0.05,0.3,0.2148176871437383,0.04834638328451594
0.3,0.05,0.05,0.1,0.15,0.35,0.21274053218673974,0.050610349750289094
0.35,0.1,0.05,0.1,0.1,0.3,0.21274053218673974,0.050610349750289094
0.35,0.05,0.05,0.1,0.15,0.3,0.21274053218673974,0.050610349750289094
0.25,0.05,0.05,0.1,0.2,0.35,0.2125936626443257,0.050773674748745515
0.25,0.15,0.1,0.15,0.05,0.3,0.2125936626443257,0.050773674748745515
0.2,0.05,0.15,0.2,0.05,0.35,0.21179637084264946,0.05166787606843434
0.2,0.1,0.1,0.25,0.05,0.3,0.21141870630501336,0.05209593861124567
0.25,0.1,0.1,0.1,0.1,0.35,0.20890094272077261,0.05502467826063443
0.2,0.1,0.1,0.1,0.15,0.35,0.20890094272077261,0.05502467826063443
0.2,0.05,0.1,0.3,0.05,0.3,0.20869112908875256,0.05527470410707216
0.2,0.05,0.1,0.25,0.05,0.35,0.20869112908875256,0.05527470410707216
0.2,0.05,0.1,0.2,0.1,0.35,0.20869112908875256,0.05527470410707216
0.2,0.05,0.05,0.4,0.05,0.25,0.20854425954633854,0.05545027472862343
0.2,0.05,0.35,0.05,0.05,0.3,0.20772598638146028,0.056436824272221416
0.2,0.05,0.05,0.15,0.2,0.35,0.20587962641968377,0.05871563658959583
0.3,0.05,0.1,0.1,0.1,0.35,0.20564883142446166,0.05900568940219124
0.4,0.05,0.05,0.05,0.15,0.3,0.20564883142446166,0.05900568940219124
0.25,0.1,0.05,0.1,0.15,0.35,0.20564883142446166,0.05900568940219124
0.3,0.1,0.1,0.1,0.05,0.35,0.20195611150090864,0.06380742436793782
0.3,0.1,0.05,0.05,0.15,0.35,0.20195611150090864,0.06380742436793782
0.25,0.1,0.05,0.05,0.2,0.35,0.20195611150090864,0.06380742436793782
0.3,0.05,0.05,0.05,0.2,0.35,0.20195611150090864,0.06380742436793782
0.4,0.1,0.05,0.05,0.1,0.3,0.20195611150090864,0.06380742436793782
0.25,0.3,0.1,0.05,0.05,0.25,0.20180924195849462,0.06400476647672647
0.25,0.3,0.15,0.05,0.05,0.2,0.20180924195849462,0.06400476647672647
0.25,0.3,0.1,0.1,0.05,0.2,0.20180924195849462,0.06400476647672647
0.3,0.25,0.1,0.05,0.05,0.25,0.20180924195849462,0.06400476647672647
0.3,0.3,0.1,0.1,0.05,0.15,0.20180924195849462,0.06400476647672647
0.3,0.3,0.1,0.05,0.05,0.2,0.20180924195849462,0.06400476647672647
0.2,0.05,0.15,0.05,0.15,0.4,0.20180924195849462,0.06400476647672647
0.25,0.2,0.2,0.05,0.05,0.25,0.20180924195849462,0.06400476647672647
0.3,0.1,0.1,0.05,0.1,0.35,0.20180924195849462,0.06400476647672647
0.25,0.25,0.15,0.1,0.05,0.2,0.20180924195849462,0.06400476647672647
0.25,0.25,0.15,0.05,0.05,0.25,0.20180924195849462,0.06400476647672647
0.25,0.25,0.2,0.05,0.05,0.2,0.20180924195849462,0.06400476647672647
0.25,0.25,0.2,0.1,0.05,0.15,0.20180924195849462,0.06400476647672647
0.25,0.25,0.1,0.1,0.05,0.25,0.20180924195849462,0.06400476647672647
0.2,0.05,0.05,0.05,0.25,0.4,0.20180924195849462,0.06400476647672647
0.3,0.25,0.15,0.05,0.05,0.2,0.20180924195849462,0.06400476647672647
0.2,0.25,0.2,0.1,0.05,0.2,0.20180924195849462,0.06400476647672647
0.2,0.1,0.1,0.05,0.15,0.4,0.20180924195849462,0.06400476647672647
0.3,0.3,0.15,0.05,0.05,0.15,0.20180924195849462,0.06400476647672647
0.2,0.2,0.05,0.2,0.05,0.3,0.19841026111976964,0.06871172736073125
0.25,0.25,0.25,0.05,0.05,0.15,0.1947175411962166,0.07413792649630407
0.2,0.25,0.25,0.05,0.05,0.2,0.1947175411962166,0.07413792649630407
0.2,0.15,0.15,0.1,0.05,0.35,0.19354258485690423,0.07593480586164018
0.2,0.1,0.2,0.05,0.05,0.4,0.19354258485690423,0.07593480586164018
0.2,0.15,0.15,0.15,0.05,0.3,0.19354258485690423,0.07593480586164018
0.25,0.1,0.2,0.05,0.05,0.35,0.19354258485690423,0.07593480586164018
0.25,0.2,0.05,0.15,0.05,0.3,0.19146542989990567,0.07919664353882058
0.35,0.2,0.05,0.05,0.05,0.3,0.1913185603574916,0.07943144876185272
0.2,0.15,0.1,0.15,0.1,0.3,0.1913185603574916,0.07943144876185272
0.2,0.2,0.05,0.15,0.1,0.3,0.1913185603574916,0.07943144876185272
0.2,0.35,0.05,0.15,0.1,0.15,0.1913185603574916,0.07943144876185272
0.2,0.15,0.1,0.2,0.05,0.3,0.19014360401817929,0.08132995584787167
0.2,0.1,0.1,0.2,0.05,0.35,0.19014360401817929,0.08132995584787167
0.55,0.05,0.05,0.05,0.05,0.25,0.18909453585807898,0.08305544309526562
0.2,0.35,0.05,0.05,0.15,0.2,0.18762584043393857,0.08551990520695385
0.25,0.4,0.05,0.05,0.1,0.15,0.18762584043393857,0.08551990520695385
0.3,0.35,0.05,0.05,0.1,0.15,0.18762584043393857,0.08551990520695385
0.2,0.2,0.1,0.1,0.1,0.3,0.18762584043393857,0.08551990520695385
0.25,0.2,0.1,0.1,0.05,0.3,0.18762584043393857,0.08551990520695385
0.25,0.35,0.05,0.1,0.1,0.15,0.18762584043393857,0.08551990520695385
0.3,0.15,0.1,0.1,0.05,0.3,0.18762584043393857,0.08551990520695385
0.2,0.15,0.1,0.1,0.1,0.35,0.18762584043393857,0.08551990520695385
0.25,0.05,0.1,0.2,0.05,0.35,0.18703836226428242,0.08652179276855579
0.2,0.1,0.1,0.15,0.1,0.35,0.18305190325590123,0.09356830054192651
0.2,0.15,0.1,0.15,0.05,0.35,0.18305190325590123,0.09356830054192651
0.25,0.1,0.1,0.15,0.05,0.35,0.18305190325590123,0.09356830054192651
0.2,0.2,0.05,0.05,0.15,0.35,0.18068100921407457,0.09796876191857838
0.3,0.2,0.1,0.05,0.05,0.3,0.18053413967166054,0.09824660653357666
0.2,0.2,0.1,0.05,0.1,0.35,0.18053413967166054,0.09824660653357666
0.3,0.15,0.1,0.05,0.05,0.35,0.18053413967166054,0.09824660653357666
0.2,0.15,0.1,0.05,0.15,0.35,0.18053413967166054,0.09824660653357666
0.2,0.4,0.05,0.05,0.15,0.15,0.18053413967166054,0.09824660653357666
0.25,0.15,0.1,0.05,0.1,0.35,0.18053413967166054,0.09824660653357666
0.2,0.25,0.05,0.1,0.1,0.3,0.18053413967166054,0.09824660653357666
0.25,0.05,0.15,0.1,0.05,0.4,0.1793591833323482,0.10049166420128865
0.2,0.1,0.15,0.1,0.05,0.4,0.1793591833323482,0.10049166420128865
0.2,0.4,0.05,0.2,0.05,0.1,0.17713515883293554,0.10485095521264345
0.2,0.3,0.1,0.2,0.05,0.15,0.17713515883293554,0.10485095521264345
0.2,0.35,0.1,0.2,0.05,0.1,0.17713515883293554,0.10485095521264345
0.2,0.25,0.15,0.2,0.05,0.15,0.17713515883293554,0.10485095521264345
0.2,0.35,0.05,0.25,0.05,0.1,0.17713515883293554,0.10485095521264345
0.2,0.25,0.1,0.2,0.05,0.2,0.17713515883293554,0.10485095521264345
0.2,0.05,0.2,0.05,0.05,0.45,0.1726451471077063,0.11409963761824216
0.3,0.05,0.15,0.05,0.05,0.4,0.17226748257007019,0.1149054339751616
0.2,0.1,0.15,0.05,0.05,0.45,0.17226748257007019,0.1149054339751616
0.25,0.05,0.15,0.05,0.1,0.4,0.17226748257007019,0.1149054339751616
0.2,0.1,0.15,0.05,0.1,0.4,0.17226748257007019,0.1149054339751616
0.25,0.1,0.15,0.05,0.05,0.4,0.17226748257007019,0.1149054339751616
0.2,0.05,0.05,0.2,0.15,0.35,0.17100860077794983,0.11762319047358771
0.25,0.3,0.1,0.15,0.05,0.15,0.17004345807065752,0.11974013710985243
0.2,0.45,0.05,0.15,0.05,0.1,0.17004345807065752,0.11974013710985243
0.2,0.45,0.05,0.2,0.05,0.05,0.17004345807065752,0.11974013710985243
0.25,0.25,0.05,0.15,0.05,0.25,0.17004345807065752,0.11974013710985243
0.2,0.35,0.1,0.15,0.05,0.15,0.17004345807065752,0.11974013710985243
0.25,0.4,0.05,0.15,0.05,0.1,0.17004345807065752,0.11974013710985243
0.3,0.3,0.05,0.15,0.05,0.15,0.17004345807065752,0.11974013710985243
0.2,0.3,0.1,0.15,0.05,0.2,0.17004345807065752,0.11974013710985243
0.2,0.4,0.1,0.15,0.05,0.1,0.17004345807065752,0.11974013710985243
0.2,0.45,0.1,0.15,0.05,0.05,0.17004345807065752,0.11974013710985243
0.2,0.5,0.05,0.15,0.05,0.05,0.17004345807065752,0.11974013710985243
0.25,0.3,0.05,0.1,0.05,0.25,0.1663507381471045,0.12811108380814876
0.2,0.5,0.05,0.1,0.05,0.1,0.1663507381471045,0.12811108380814876
0.25,0.3,0.1,0.05,0.1,0.2,0.1663507381471045,0.12811108380814876
0.25,0.35,0.1,0.1,0.05,0.15,0.1663507381471045,0.12811108380814876
0.25,0.3,0.15,0.1,0.05,0.15,0.1663507381471045,0.12811108380814876
0.2,0.4,0.1,0.1,0.05,0.15,0.1663507381471045,0.12811108380814876
0.25,0.35,0.1,0.05,0.05,0.2,0.1663507381471045,0.12811108380814876
0.25,0.4,0.1,0.1,0.05,0.1,0.1663507381471045,0.12811108380814876
0.2,0.3,0.1,0.05,0.1,0.25,0.1663507381471045,0.12811108380814876
0.25,0.45,0.05,0.1,0.05,0.1,0.1663507381471045,0.12811108380814876
0.2,0.35,0.15,0.1,0.05,0.15,0.1663507381471045,0.12811108380814876
0.2,0.3,0.15,0.1,0.05,0.2,0.1663507381471045,0.12811108380814876
0.2,0.3,0.15,0.15,0.05,0.15,0.1663507381471045,0.12811108380814876
0.2,0.3,0.1,0.1,0.1,0.2,0.1663507381471045,0.12811108380814876
0.2,0.3,0.2,0.1,0.05,0.15,0.1663507381471045,0.12811108380814876
0.35,0.35,0.05,0.05,0.05,0.15,0.1663507381471045,0.12811108380814876
0.35,0.3,0.05,0.05,0.05,0.2,0.1663507381471045,0.12811108380814876
0.2,0.25,0.2,0.15,0.05,0.15,0.1663507381471045,0.12811108380814876
0.2,0.25,0.25,0.1,0.05,0.15,0.1663507381471045,0.12811108380814876
0.3,0.4,0.1,0.05,0.05,0.1,0.1663507381471045,0.12811108380814876
0.2,0.25,0.15,0.15,0.05,0.2,0.1663507381471045,0.12811108380814876
0.25,0.35,0.15,0.1,0.05,0.1,0.1663507381471045,0.12811108380814876
0.2,0.35,0.1,0.1,0.05,0.2,0.1663507381471045,0.12811108380814876
0.3,0.45,0.05,0.05,0.05,0.1,0.1663507381471045,0.12811108380814876
0.3,0.3,0.05,0.1,0.05,0.2,0.1663507381471045,0.12811108380814876
0.3,0.35,0.1,0.05,0.05,0.15,0.1663507381471045,0.12811108380814876
0.3,0.35,0.05,0.05,0.05,0.2,0.1663507381471045,0.12811108380814876
0.25,0.5,0.05,0.1,0.05,0.05,0.1663507381471045,0.12811108380814876
0.2,0.3,0.2,0.15,0.05,0.1,0.1663507381471045,0.12811108380814876
0.2,0.35,0.15,0.15,0.05,0.1,0.1663507381471045,0.12811108380814876
0.2,0.05,0.15,0.15,0.05,0.4,0.16555344634542826,0.12997571735021413
0.4,0.05,0.05,0.15,0.05,0.3,0.16353923547803567,0.13477845073107772
0.25,0.15,0.05,0.2,0.05,0.3,0.16309862685079354,0.1358467753951973
0.25,0.1,0.05,0.2,0.1,0.3,0.16309862685079354,0.1358467753951973
0.3,0.15,0.05,0.15,0.05,0.3,0.16309862685079354,0.1358467753951973
0.35,0.1,0.05,0.15,0.05,0.3,0.16309862685079354,0.1358467753951973
0.2,0.3,0.25,0.1,0.05,0.1,0.15925903738482644,0.14542983710762306
0.25,0.5,0.1,0.05,0.05,0.05,0.15925903738482644,0.14542983710762306
0.2,0.5,0.15,0.05,0.05,0.05,0.15925903738482644,0.14542983710762306
0.25,0.3,0.2,0.05,0.05,0.15,0.15925903738482644,0.14542983710762306
0.2,0.5,0.05,0.05,0.1,0.1,0.15925903738482644,0.14542983710762306
0.25,0.3,0.05,0.05,0.1,0.25,0.15925903738482644,0.14542983710762306
0.2,0.45,0.2,0.05,0.05,0.05,0.15925903738482644,0.14542983710762306
0.2,0.5,0.1,0.05,0.05,0.1,0.15925903738482644,0.14542983710762306
0.2,0.45,0.15,0.1,0.05,0.05,0.15925903738482644,0.14542983710762306
0.2,0.45,0.1,0.05,0.05,0.15,0.15925903738482644,0.14542983710762306
0.2,0.4,0.15,0.1,0.05,0.1,0.15925903738482644,0.14542983710762306
0.2,0.35,0.2,0.05,0.05,0.15,0.15925903738482644,0.14542983710762306
0.2,0.35,0.25,0.05,0.05,0.1,0.15925903738482644,0.14542983710762306
0.2,0.35,0.2,0.1,0.05,0.1,0.15925903738482644,0.14542983710762306
0.25,0.5,0.05,0.05,0.05,0.1,0.15925903738482644,0.14542983710762306
0.2,0.4,0.1,0.05,0.05,0.2,0.15925903738482644,0.14542983710762306
0.2,0.4,0.1,0.05,0.1,0.15,0.15925903738482644,0.14542983710762306
0.2,0.3,0.15,0.05,0.1,0.2,0.15925903738482644,0.14542983710762306
0.25,0.45,0.1,0.05,0.05,0.1,0.15925903738482644,0.14542983710762306
0.25,0.45,0.15,0.05,0.05,0.05,0.15925903738482644,0.14542983710762306
0.2,0.4,0.15,0.05,0.05,0.15,0.15925903738482644,0.14542983710762306
0.2,0.4,0.2,0.1,0.05,0.05,0.15925903738482644,0.14542983710762306
0.2,0.45,0.1,0.1,0.05,0.1,0.15925903738482644,0.14542983710762306
0.2,0.45,0.15,0.05,0.05,0.1,0.15925903738482644,0.14542983710762306
0.2,0.4,0.25,0.05,0.05,0.05,0.15925903738482644,0.14542983710762306
0.2,0.4,0.2,0.05,0.05,0.1,0.15925903738482644,0.14542983710762306
0.25,0.35,0.05,0.05,0.05,0.25,0.15925903738482644,0.14542983710762306
0.2,0.3,0.25,0.05,0.05,0.15,0.15925903738482644,0.14542983710762306
0.25,0.4,0.1,0.05,0.05,0.15,0.15925903738482644,0.14542983710762306
0.2,0.25,0.3,0.05,0.05,0.15,0.15925903738482644,0.14542983710762306
0.2,0.3,0.2,0.05,0.05,0.2,0.15925903738482644,0.14542983710762306
0.2,0.5,0.1,0.1,0.05,0.05,0.15925903738482644,0.14542983710762306
0.25,0.35,0.2,0.05,0.05,0.1,0.15925903738482644,0.14542983710762306
0.2,0.6,0.05,0.05,0.05,0.05,0.15925903738482644,0.14542983710762306
0.2,0.35,0.15,0.05,0.05,0.2,0.15925903738482644,0.14542983710762306
0.2,0.35,0.1,0.05,0.1,0.2,0.15925903738482644,0.14542983710762306
0.2,0.55,0.1,0.05,0.05,0.05,0.15925903738482644,0.14542983710762306
0.2,0.35,0.15,0.05,0.1,0.15,0.15925903738482644,0.14542983710762306
0.2,0.55,0.05,0.05,0.05,0.1,0.15925903738482644,0.14542983710762306
0.2,0.55,0.05,0.1,0.05,0.05,0.15925903738482644,0.14542983710762306
0.25,0.35,0.15,0.05,0.05,0.15,0.15925903738482644,0.14542983710762306
0.2,0.3,0.3,0.05,0.05,0.1,0.15925903738482644,0.14542983710762306
0.25,0.55,0.05,0.05,0.05,0.05,0.15925903738482644,0.14542983710762306
0.25,0.4,0.15,0.05,0.05,0.1,0.15925903738482644,0.14542983710762306
0.3,0.3,0.05,0.05,0.05,0.25,0.15925903738482644,0.14542983710762306
0.25,0.15,0.1,0.1,0.05,0.35,0.15099238028323608,0.16777392641563302
0.2,0.15,0.1,0.05,0.1,0.4,0.15099238028323608,0.16777392641563302
0.2,0.25,0.05,0.05,0.05,0.4,-0.15025803257116588,0.16987489791855548
0.25,0.2,0.05,0.05,0.05,0.4,-0.15025803257116588,0.16987489791855548
0.2,0.2,0.05,0.05,0.05,0.45,-0.15025803257116588,0.16987489791855548
0.2,0.2,0.05,0.1,0.05,0.4,-0.15025803257116588,0.16987489791855548
0.3,0.05,0.05,0.25,0.05,0.3,0.14935583395347962,0.17248252029090752
0.35,0.05,0.1,0.1,0.05,0.35,0.14891522532623752,0.1737666406865697
0.35,0.15,0.05,0.1,0.05,0.3,0.14891522532623752,0.1737666406865697
0.25,0.1,0.1,0.05,0.1,0.4,0.14522250540268444,0.18480546348318877
0.35,0.1,0.1,0.05,0.05,0.35,0.14522250540268444,0.18480546348318877
0.4,0.05,0.1,0.05,0.05,0.35,0.14522250540268444,0.18480546348318877
0.4,0.15,0.05,0.05,0.05,0.3,0.14522250540268444,0.18480546348318877
0.3,0.05,0.1,0.15,0.05,0.35,0.1446350272330283,0.18660758482061837
0.2,0.05,0.15,0.1,0.1,0.4,0.14427834405859416,0.18770793002104744
0.2,0.3,0.05,0.25,0.05,0.15,0.14167665502154544,0.19587646436394923
0.2,0.35,0.05,0.2,0.05,0.15,0.14167665502154544,0.19587646436394923
0.2,0.3,0.05,0.2,0.05,0.2,0.14167665502154544,0.19587646436394923
0.25,0.3,0.05,0.2,0.05,0.15,0.14167665502154544,0.19587646436394923
0.2,0.25,0.1,0.15,0.05,0.25,0.13813080464040642,0.20741682705711476
0.2,0.05,0.15,0.05,0.1,0.45,0.13718664329631616,0.21056972964081427
0.5,0.05,0.05,0.05,0.05,0.3,0.13546617151375168,0.2164022566420886
0.45,0.05,0.05,0.1,0.05,0.3,0.1351724324289236,0.21740935329935152
0.25,0.3,0.05,0.15,0.05,0.2,0.13458495425926742,0.2194334639354314
0.2,0.1,0.05,0.05,0.2,0.4,0.13458495425926742,0.2194334639354314
0.2,0.4,0.05,0.15,0.05,0.15,0.13458495425926742,0.2194334639354314
0.25,0.35,0.05,0.15,0.05,0.15,0.13458495425926742,0.2194334639354314
0.2,0.35,0.05,0.15,0.05,0.2,0.13458495425926742,0.2194334639354314
0.2,0.25,0.15,0.05,0.05,0.3,0.13443808471685337,0.219941560142845
0.2,0.25,0.15,0.1,0.05,0.25,0.13443808471685337,0.219941560142845
0.2,0.2,0.2,0.1,0.05,0.25,0.13443808471685337,0.219941560142845
0.25,0.2,0.15,0.05,0.05,0.3,0.13443808471685337,0.219941560142845
0.2,0.2,0.15,0.1,0.05,0.3,0.13443808471685337,0.219941560142845
0.2,0.2,0.2,0.05,0.05,0.3,0.13443808471685337,0.219941560142845
0.2,0.15,0.05,0.25,0.05,0.3,0.1334099979199551,0.22352144729053455
0.2,0.4,0.05,0.05,0.1,0.2,0.13089223433571434,0.23246076514029532
0.2,0.4,0.05,0.1,0.05,0.2,0.13089223433571434,0.23246076514029532
0.25,0.4,0.05,0.1,0.05,0.15,0.13089223433571434,0.23246076514029532
0.25,0.4,0.05,0.05,0.05,0.2,0.13089223433571434,0.23246076514029532
0.3,0.35,0.05,0.1,0.05,0.15,0.13089223433571434,0.23246076514029532
0.2,0.3,0.05,0.1,0.1,0.25,0.13089223433571434,0.23246076514029532
0.2,0.45,0.05,0.1,0.05,0.15,0.13089223433571434,0.23246076514029532
0.25,0.35,0.05,0.05,0.1,0.2,0.13089223433571434,0.23246076514029532
0.25,0.35,0.05,0.1,0.05,0.2,0.13089223433571434,0.23246076514029532
0.2,0.35,0.05,0.1,0.1,0.2,0.13089223433571434,0.23246076514029532
0.2,0.4,0.05,0.1,0.1,0.15,0.13089223433571434,0.23246076514029532
0.3,0.4,0.05,0.05,0.05,0.15,0.13089223433571434,0.23246076514029532
0.2,0.15,0.05,0.05,0.05,0.5,-0.12898293028433183,0.2394037309539761
0.25,0.15,0.05,0.05,0.05,0.45,-0.12898293028433183,0.2394037309539761
0.2,0.15,0.05,0.1,0.05,0.45,-0.12898293028433183,0.2394037309539761
0.2,0.1,0.05,0.05,0.05,0.55,-0.12898293028433183,0.2394037309539761
0.2,0.1,0.1,0.05,0.05,0.5,-0.12898293028433183,0.2394037309539761
0.2,0.2,0.25,0.05,0.05,0.25,0.12734638395457537,0.24546805660896398
0.2,0.25,0.2,0.05,0.05,0.25,0.12734638395457537,0.24546805660896398
0.2,0.3,0.15,0.05,0.05,0.25,0.12734638395457537,0.24546805660896398
0.2,0.1,0.1,0.15,0.05,0.4,0.1264651667000911,0.24877690995234708
0.35,0.05,0.05,0.1,0.1,0.35,0.1240942726582644,0.25783085158054586
0.25,0.15,0.05,0.05,0.15,0.35,0.12394740311585037,0.25839900072107225
0.2,0.2,0.05,0.1,0.1,0.35,0.12394740311585037,0.25839900072107225
0.25,0.2,0.05,0.05,0.1,0.35,0.12394740311585037,0.25839900072107225
0.3,0.2,0.05,0.1,0.05,0.3,0.12394740311585037,0.25839900072107225
0.2,0.35,0.05,0.05,0.1,0.25,0.12380053357343634,0.25896800132413245
0.25,0.45,0.05,0.05,0.05,0.15,0.12380053357343634,0.25896800132413245
0.2,0.45,0.05,0.05,0.1,0.15,0.12380053357343634,0.25896800132413245
0.2,0.45,0.05,0.05,0.05,0.2,0.12380053357343634,0.25896800132413245
0.2,0.5,0.05,0.05,0.05,0.15,0.12380053357343634,0.25896800132413245
0.25,0.05,0.05,0.3,0.05,0.3,0.11981407456505519,0.27473831081561917
0.2,0.1,0.05,0.3,0.05,0.3,0.11981407456505519,0.27473831081561917
0.45,0.05,0.05,0.05,0.1,0.3,0.11700257189598641,0.28623995103715305
0.2,0.1,0.1,0.1,0.1,0.4,0.11553387647184599,0.29237345815759386
0.25,0.05,0.15,0.05,0.05,0.45,0.11553387647184599,0.29237345815759386
0.3,0.05,0.05,0.05,0.15,0.4,0.11330985197243335,0.3018251506910399
0.4,0.05,0.05,0.05,0.1,0.35,0.11330985197243335,0.3018251506910399
0.25,0.05,0.05,0.05,0.2,0.4,0.11330985197243335,0.3018251506910399
0.35,0.05,0.05,0.05,0.15,0.35,0.11330985197243335,0.3018251506910399
0.2,0.25,0.05,0.2,0.05,0.25,0.10976400159129433,0.31730276673135754
0.2,0.2,0.15,0.05,0.05,0.35,0.10489632532842894,0.33936723821592246
0.2,0.15,0.2,0.05,0.05,0.35,0.10489632532842894,0.33936723821592246
0.2,0.2,0.1,0.15,0.05,0.3,0.10267230082901631,0.3497623293756336
0.2,0.25,0.05,0.15,0.05,0.3,0.10267230082901631,0.3497623293756336
0.2,0.05,0.1,0.1,0.15,0.4,0.09935724544309937,0.36562074121196336
0.2,0.3,0.1,0.1,0.05,0.25,0.09897958090546326,0.36745493376770155
0.2,0.25,0.1,0.1,0.05,0.3,0.09897958090546326,0.36745493376770155
0.2,0.35,0.1,0.05,0.05,0.25,0.09897958090546326,0.36745493376770155
0.25,0.1,0.05,0.25,0.05,0.3,0.09853897227822113,0.36960192429048633
0.2,0.1,0.05,0.15,0.15,0.35,0.09572746960915232,0.38348129290802674
0.3,0.1,0.05,0.2,0.05,0.3,0.09572746960915232,0.38348129290802674
0.25,0.15,0.1,0.05,0.05,0.4,0.09440564372742595,0.39011351873527234
0.3,0.25,0.05,0.05,0.05,0.3,0.09203474968559927,0.40217955858629956
0.25,0.25,0.05,0.1,0.05,0.3,0.09203474968559927,0.40217955858629956
0.2,0.25,0.1,0.05,0.05,0.35,0.09188788014318523,0.40293416886152283
0.2,0.3,0.1,0.05,0.05,0.3,0.09188788014318523,0.40293416886152283
0.2,0.3,0.05,0.05,0.1,0.3,0.09188788014318523,0.40293416886152283
0.2,0.3,0.05,0.1,0.05,0.3,0.09188788014318523,0.40293416886152283
0.25,0.3,0.05,0.05,0.05,0.3,0.09188788014318523,0.40293416886152283
0.25,0.25,0.1,0.05,0.05,0.3,0.09188788014318523,0.40293416886152283
0.25,0.2,0.1,0.05,0.05,0.35,0.09188788014318523,0.40293416886152283
0.2,0.25,0.1,0.05,0.1,0.3,0.09188788014318523,0.40293416886152283
0.25,0.1,0.05,0.15,0.1,0.35,0.0886357688468743,0.4198558516179582
0.2,0.05,0.1,0.2,0.05,0.4,0.08473323529130118,0.44069321675011647
0.2,0.05,0.05,0.25,0.1,0.35,0.08473323529130118,0.44069321675011647
0.2,0.05,0.05,0.35,0.05,0.3,0.08473323529130118,0.44069321675011647
0.2,0.05,0.05,0.3,0.1,0.3,0.08458636574888714,0.4414886138751803
0.2,0.15,0.05,0.15,0.1,0.35,0.08154406808459627,0.4581451747963265
0.2,0.05,0.15,0.1,0.05,0.45,0.08045303719809196,0.46420179298415704
0.4,0.05,0.05,0.1,0.05,0.35,0.07843882633069939,0.4754973043162934
0.25,0.15,0.05,0.1,0.1,0.35,0.07785134816104322,0.4788194884276736
0.35,0.05,0.1,0.05,0.05,0.4,0.07785134816104322,0.4788194884276736
0.3,0.15,0.05,0.05,0.1,0.35,0.07785134816104322,0.4788194884276736
0.25,0.05,0.1,0.05,0.15,0.4,0.07785134816104322,0.4788194884276736
0.3,0.05,0.1,0.05,0.1,0.4,0.07785134816104322,0.4788194884276736
0.2,0.1,0.05,0.25,0.05,0.35,0.07726386999138705,0.48215407807206767
0.2,0.05,0.05,0.05,0.1,0.55,-0.07541751002961053,0.49271442808481414
0.2,0.05,0.05,0.05,0.05,0.6,-0.07541751002961053,0.49271442808481414
0.2,0.05,0.05,0.1,0.1,0.5,-0.07541751002961053,0.49271442808481414
0.2,0.05,0.05,0.1,0.05,0.55,-0.07541751002961053,0.49271442808481414
0.2,0.05,0.05,0.1,0.15,0.45,-0.07541751002961053,0.49271442808481414
0.2,0.05,0.05,0.05,0.15,0.5,-0.07541751002961053,0.49271442808481414
0.2,0.05,0.1,0.05,0.1,0.5,-0.07541751002961053,0.49271442808481414
0.2,0.05,0.1,0.1,0.05,0.5,-0.07541751002961053,0.49271442808481414
0.25,0.05,0.05,0.1,0.05,0.5,-0.07541751002961053,0.49271442808481414
0.25,0.05,0.05,0.05,0.05,0.55,-0.07541751002961053,0.49271442808481414
0.2,0.05,0.1,0.05,0.05,0.55,-0.07541751002961053,0.49271442808481414
0.4,0.1,0.05,0.1,0.05,0.3,0.06736066656004022,0.5401833730115416
0.2,0.3,0.05,0.15,0.05,0.25,0.06721379701762618,0.5410690733252134
0.2,0.15,0.05,0.2,0.05,0.35,0.06618571022072789,0.5472888472071021
0.2,0.1,0.05,0.2,0.1,0.35,0.06618571022072789,0.5472888472071021
0.2,0.35,0.05,0.1,0.05,0.25,0.06352107709407313,0.563569323313573
0.2,0.2,0.1,0.1,0.05,0.35,0.0623461207547608,0.5708201858086411
0.2,0.15,0.15,0.05,0.05,0.4,0.0623461207547608,0.5708201858086411
0.2,0.15,0.1,0.05,0.05,0.45,-0.06161177304269058,0.5753740092358758
0.2,0.05,0.05,0.15,0.05,0.5,-0.06064663033539831,0.5813845361686857
0.45,0.05,0.05,0.05,0.05,0.35,0.060268965797762204,0.5837443036739021
0.45,0.1,0.05,0.05,0.05,0.3,0.060268965797762204,0.5837443036739021
0.2,0.15,0.05,0.05,0.15,0.4,0.05657624587420915,0.607044819518715
0.2,0.15,0.05,0.1,0.15,0.35,0.05657624587420915,0.607044819518715
0.4,0.1,0.05,0.05,0.05,0.35,0.05657624587420915,0.607044819518715
0.35,0.1,0.05,0.05,0.1,0.35,0.05657624587420915,0.607044819518715
0.2,0.4,0.05,0.05,0.05,0.25,0.0564293763317951,0.607979921710153
0.2,0.35,0.05,0.05,0.05,0.3,0.0564293763317951,0.607979921710153
0.2,0.05,0.05,0.15,0.1,0.45,-0.05355492957312028,0.6264064765077683
0.2,0.05,0.05,0.15,0.15,0.4,-0.05355492957312028,0.6264064765077683
0.25,0.15,0.05,0.15,0.05,0.35,0.052002308696171846,0.6364565655114763
0.25,0.05,0.1,0.15,0.05,0.4,0.052002308696171846,0.6364565655114763
0.2,0.1,0.1,0.05,0.1,0.45,0.04830958877261879,0.6606222198338954
0.3,0.05,0.1,0.1,0.05,0.4,0.04830958877261879,0.6606222198338954
0.3,0.1,0.1,0.05,0.05,0.4,0.04830958877261879,0.6606222198338954
0.25,0.05,0.1,0.05,0.1,0.45,0.04830958877261879,0.6606222198338954
0.25,0.05,0.1,0.1,0.1,0.4,0.04830958877261879,0.6606222198338954
0.25,0.1,0.1,0.1,0.05,0.4,0.04830958877261879,0.6606222198338954
0.2,0.1,0.1,0.1,0.05,0.45,0.04830958877261879,0.6606222198338954
0.2,0.05,0.05,0.05,0.2,0.45,-0.04587575064118609,0.676743700134688
0.2,0.1,0.05,0.1,0.05,0.5,-0.04033667075585651,0.713970614418325
0.2,0.1,0.05,0.1,0.1,0.45,-0.04033667075585651,0.713970614418325
0.25,0.05,0.05,0.1,0.1,0.45,-0.04033667075585651,0.713970614418325
0.25,0.05,0.05,0.05,0.1,0.5,-0.04033667075585651,0.713970614418325
0.2,0.15,0.05,0.05,0.1,0.45,-0.04033667075585651,0.713970614418325
0.35,0.05,0.05,0.05,0.05,0.45,-0.04033667075585651,0.713970614418325
0.25,0.15,0.05,0.1,0.05,0.4,-0.04033667075585651,0.713970614418325
0.25,0.1,0.1,0.05,0.05,0.45,-0.04033667075585651,0.713970614418325
0.3,0.1,0.05,0.1,0.05,0.4,-0.04033667075585651,0.713970614418325
0.3,0.1,0.05,0.05,0.05,0.45,-0.04033667075585651,0.713970614418325
0.25,0.1,0.05,0.1,0.1,0.4,-0.04033667075585651,0.713970614418325
0.25,0.1,0.05,0.1,0.05,0.45,-0.04033667075585651,0.713970614418325
0.25,0.05,0.1,0.05,0.05,0.5,-0.04033667075585651,0.713970614418325
0.25,0.05,0.1,0.1,0.05,0.45,-0.04033667075585651,0.713970614418325
0.3,0.05,0.05,0.1,0.05,0.45,-0.04033667075585651,0.713970614418325
0.2,0.1,0.05,0.05,0.15,0.45,-0.04033667075585651,0.713970614418325
0.3,0.05,0.1,0.05,0.05,0.45,-0.04033667075585651,0.713970614418325
0.2,0.1,0.05,0.05,0.1,0.5,-0.04033667075585651,0.713970614418325
0.3,0.05,0.05,0.05,0.05,0.5,-0.04033667075585651,0.713970614418325
0.3,0.05,0.05,0.05,0.1,0.45,-0.04033667075585651,0.713970614418325
0.2,0.15,0.05,0.1,0.1,0.4,-0.04033667075585651,0.713970614418325
0.25,0.1,0.05,0.05,0.1,0.45,-0.04033667075585651,0.713970614418325
0.25,0.1,0.05,0.05,0.05,0.5,-0.04033667075585651,0.713970614418325
0.25,0.05,0.05,0.2,0.1,0.35,0.03943447213817026,0.7201007256733546
0.25,0.1,0.05,0.15,0.05,0.4,-0.03664395083230346,0.7391718790973557
0.2,0.15,0.05,0.15,0.05,0.4,-0.03664395083230346,0.7391718790973557
0.2,0.1,0.05,0.15,0.05,0.45,-0.03664395083230346,0.7391718790973557
0.25,0.25,0.05,0.05,0.05,0.35,0.03530114358737508,0.7484062452101464
0.2,0.3,0.05,0.05,0.05,0.35,0.03530114358737508,0.7484062452101464
0.2,0.25,0.05,0.05,0.1,0.35,0.03530114358737508,0.7484062452101464
0.35,0.05,0.05,0.15,0.05,0.35,0.03234277137589223,0.7688744724910392
0.3,0.05,0.05,0.15,0.1,0.35,0.03234277137589223,0.7688744724910392
0.2,0.05,0.05,0.2,0.05,0.45,-0.032279827286286214,0.769311746022496
0.25,0.2,0.05,0.1,0.05,0.35,-0.03207001365426615,0.770769844072094
0.3,0.2,0.05,0.05,0.05,0.35,-0.03207001365426615,0.770769844072094
0.2,0.2,0.05,0.05,0.1,0.4,-0.03207001365426615,0.770769844072094
0.25,0.05,0.05,0.25,0.05,0.35,0.0311678150365799,0.7770486730589325
0.2,0.1,0.05,0.2,0.05,0.4,-0.029552250070025435,0.7883277135307836
0.2,0.1,0.05,0.15,0.1,0.4,-0.029552250070025435,0.7883277135307836
0.2,0.15,0.1,0.1,0.05,0.4,0.026887616943370676,0.8070253153503733
0.35,0.05,0.05,0.1,0.05,0.4,-0.025565791061644295,0.8163415479095643
0.2,0.05,0.05,0.2,0.1,0.4,-0.02518812652400819,0.8190080767757985
0.2,0.05,0.1,0.15,0.1,0.4,0.024013170184695856,0.8273169651819595
0.25,0.1,0.05,0.2,0.05,0.35,-0.022460549307747414,0.8383255964583195
0.25,0.05,0.05,0.15,0.05,0.45,-0.018474090299366273,0.8667287167582616
0.2,0.05,0.1,0.15,0.05,0.45,0.01692146942241783,0.8778389475985429
0.2,0.05,0.1,0.05,0.15,0.45,0.013228749498864776,0.904354462547807
0.2,0.05,0.15,0.05,0.05,0.5,0.013228749498864776,0.904354462547807
0.2,0.05,0.1,0.1,0.1,0.45,0.013228749498864776,0.904354462547807
0.2,0.05,0.05,0.1,0.2,0.4,0.010857855457038101,0.9214358726607855
0.35,0.15,0.05,0.05,0.05,0.35,-0.010794911367432082,0.9218898814338727
0.2,0.1,0.05,0.1,0.15,0.4,-0.010794911367432082,0.9218898814338727
0.4,0.05,0.05,0.05,0.05,0.4,-0.010794911367432082,0.9218898814338727
0.25,0.05,0.05,0.05,0.15,0.45,-0.010794911367432082,0.9218898814338727
0.35,0.1,0.05,0.05,0.05,0.4,-0.010794911367432082,0.9218898814338727
0.25,0.1,0.05,0.05,0.15,0.4,-0.010794911367432082,0.9218898814338727
0.3,0.15,0.05,0.1,0.05,0.35,-0.010794911367432082,0.9218898814338727
0.3,0.1,0.05,0.05,0.1,0.4,-0.010794911367432082,0.9218898814338727
0.35,0.05,0.05,0.05,0.1,0.4,-0.010794911367432082,0.9218898814338727
0.25,0.15,0.05,0.05,0.1,0.4,-0.010794911367432082,0.9218898814338727
0.3,0.15,0.05,0.05,0.05,0.4,-0.010794911367432082,0.9218898814338727
0.3,0.05,0.05,0.2,0.05,0.35,0.009892712749745824,0.928400016207677
0.2,0.2,0.05,0.15,0.05,0.35,0.0094521041225037,0.9315811220546524
0.35,0.1,0.05,0.1,0.05,0.35,-0.007102191443879026,0.9485639346764256
0.25,0.05,0.05,0.1,0.15,0.4,-0.007102191443879026,0.9485639346764256
0.3,0.05,0.05,0.1,0.1,0.4,-0.007102191443879026,0.9485639346764256
0.3,0.1,0.05,0.1,0.1,0.35,-0.007102191443879026,0.9485639346764256
0.2,0.25,0.05,0.1,0.05,0.35,0.005759384198950644,0.9582791998532624
0.2,0.2,0.1,0.05,0.05,0.4,0.005612514656536601,0.9593422018348272
0.2,0.05,0.05,0.3,0.05,0.35,-0.0039130242371741165,0.9716473409184007
0.2,0.05,0.05,0.25,0.05,0.4,-0.0039130242371741165,0.9716473409184007
0.25,0.05,0.05,0.2,0.05,0.4,0.0028010119874677993,0.9797026194735478
0.3,0.05,0.05,0.15,0.05,0.4,0.0028010119874677993,0.9797026194735478
0.25,0.05,0.05,0.15,0.1,0.4,0.0028010119874677993,0.9797026194735478
0.3,0.1,0.05,0.15,0.05,0.35,-1.0490681601002994e-05,0.9999239717964343
